1022
5253
18995
19311
18956
17251
19903
5940
7489
6269
1976
2472
17371
14656
11934
16786
9471
10002
2856
4269
11930
17381
2268
17981
18267
4060
1722
7225
17480
19481
2389
18398
17444
65
513
302
16299
3094
19032
2350
12996
16915
7212
18684
7825
5674
18844
13703
6488
6000
1388
5314
7169
321
3336
1016
19041
6895
15216
18925
12807
10215
760
925
19077
7043
9134
18364
8837
3180
6567
2079
11682
3944
6245
17948
12191
17376
9067
16862
12518
13367
14651
13622
199
14157
1942
13194
14136
12100
11812
4705
18887
19091
10257
3641
17610
8746
10107
957
17413
17168
1597
14142
7362
1097
7719
9762
19007
13213
18981
19589
12080
3588
13984
3175
3841
13510
17195
18531
19620
13351
3360
9605
4179
9666
9168
4277
18775
8382
17133
19896
17239
10713
14056
14650
5806
16344
17031
2585
6127
14486
3653
7676
18627
17516
19850
8070
4236
14271
8788
15451
6538
10397
7269
6503
3528
1755
12327
13472
8380
13500
9964
9125
12052
12276
449
7684
17025
1828
10188
7840
11120
3418
8802
6515
13081
1568
11937
12777
7507
2927
5217
10162
15690
11504
12851
12619
1086
7002
15586
14402
3344
4679
16994
7456
13275
14945
4574
11175
2561
8794
12645
8919
6694
11215
7779
13221
7368
8907
4251
7391
11418
10871
17009
15037
17426
893
12672
11018
18216
9445
5286
7408
7733
9220
2869
6328
4178
3252
3241
7783
7763
7547
3162
15186
1099
11139
3536
13769
12953
5647
5219
7886
2036
13723
14942
11995
16421
11179
18894
17112
6407
11084
12730
19626
13798
19840
1071
2563
9038
4982
16999
779
19080
12382
2644
980
3536
16569
15597
5115
14379
2031
2784
1371
15387
15644
13268
876
1467
823
4629
10170
5178
2445
13662
19615
8004
18362
11527
16119
7300
8001
5860
14917
6343
11527
7992
9620
14570
4069
12039
2329
7795
8631
14503
16338
4125
18655
17935
12820
255
16560
10281
9813
4992
18145
12731
16989
2071
4405
3199
12841
12734
2062
10015
2321
10050
2090
10954
2411
1542
1455
6453
10723
4497
17537
2645
17926
9178
16948
19809
8651
19160
852
14898
17525
15166
17466
12965
7042
9002
9074
1687
12219
17599
5629
15561
13357
13651
9993
1965
12640
18972
859
19924
2982
19459
8547
14286
8164
16423
16209
12901
2252
8032
4320
12518
3157
16782
9912
10250
378
4130
13658
1821
139
1803
17685
5226
12517
837
14919
19001
4594
13978
16801
8005
1286
4876
360
6413
11230
18337
17928
17584
8941
9970
3192
13517
16424
595
5780
12796
17539
11139
13316
5264
6635
7057
14560
14085
19296
17817
252
1425
17548
16681
9251
12683
4449
8686
6766
16014
3709
662
8724
8819
18858
16118
1741
10954
3416
9940
11728
5612
8640
13111
5769
3108
8651
16043
11737
10290
14069
613
8014
8832
14781
15614
11693
19357
39
18117
17840
15182
9837
14057
14649
9376
15335
5444
19728
11924
8100
8654
11337
19980
17988
8554
4990
3470
17784
16571
10672
788
8972
7335
18814
4900
17572
18137
4199
18810
1514
8219
6132
11209
1765
10771
517
8058
18282
9526
4844
13901
18820
13971
10683
7928
13721
12438
19901
4089
13049
10739
10611
2042
3782
15477
16784
6237
4211
15841
11487
14179
10344
15394
17855
11684
4806
6292
14212
2925
12562
2341
10147
6088
19810
14444
8898
1695
2427
2236
18061
9929
18623
9092
5409
15760
6793
4195
19522
16227
13994
14966
5995
12930
3147
15938
9083
14592
7692
6013
16010
9512
1370
15044
16509
15762
7686
12848
13737
18215
8780
8949
14354
15772
6607
9784
5338
9615
697
1590
13034
3881
16238
11802
15942
3831
3810
9573
6938
3411
17828
16888
12891
14056
4614
15758
57
19626
12959
14096
2152
8585
169
13151
4685
13815
4772
2738
3915
2963
13462
17001
11674
7679
4276
13107
18396
18921
627
7981
15779
7207
1545
4100
17855
11716
2292
14357
4608
155
6536
18141
5844
12532
16320
6020
4672
6273
9319
18805
9707
17571
14211
18284
3086
4424
14461
1514
17342
490
8419
8342
8404
5740
9351
12710
14245
9798
2872
12252
19116
6939
11223
17897
1846
17894
3935
15370
13332
2968
2634
3927
3157
13339
14101
14102
18146
3085
10178
5939
6746
13041
15670
11867
2227
19549
6194
14325
5056
15976
16670
17175
117
3038
18229
2138
8076
5092
16310
16693
1779
3935
16033
18292
18392
9022
12204
1204
5904
3646
10839
16994
18621
275
16651
7335
481
5063
6704
18758
7253
11516
14232
2967
19158
16323
8673
3416
3911
16593
17974
9189
6911
7017
17527
499
10048
7949
6381
16714
13522
957
5892
7399
16100
7052
8554
19624
18402
14687
15455
10685
11093
9494
9706
14357
15252
15832
83
10969
15750
11397
14311
16801
10103
460
4570
16715
5080
8754
9164
15418
11221
13576
13824
17387
11491
6373
13612
3255
14427
1909
12220
11305
4435
18027
9228
16755
12313
13108
17902
8629
7582
4497
6192
14254
898
514
1810
14839
19577
1091
8638
12045
2216
17619
6163
5118
9355
11345
6239
915
6378
11389
2215
5003
2057
8490
4298
11033
1595
8553
11998
17734
16553
11358
9602
18087
5697
14029
3850
3658
588
6358
14312
8554
17662
5612
16483
2086
14562
12160
5152
7002
12660
14067
11365
11008
19975
8737
10158
13309
9137
2774
18154
5041
13529
17392
272
2690
1455
6054
2997
17008
12927
3424
8006
6420
16594
10329
14412
13534
5368
18064
10499
16156
18447
7249
6549
56
14760
1329
9174
19735
8206
12928
4586
15629
8666
12423
3303
1336
14367
12430
2019
2936
10997
19347
19725
3917
10870
13649
4626
3859
11471
4332
5996
16796
6881
19714
861
16044
7851
6753
19210
16280
16734
14076
3439
10817
1976
10167
7800
12222
3563
17397
11895
17859
15604
5100
8541
18406
15108
400
10864
7026
17086
4235
6044
9653
15251
1809
3856
2699
14873
11646
7013
13517
19763
5525
7293
11067
18889
12699
6500
9497
9796
16181
14573
5726
15772
16288
8466
13618
1632
17204
4924
1976
9005
6023
7869
11304
16198
541
16809
15230
19955
2018
6585
6407
16884
2177
10666
3901
10829
19930
398
19303
9139
2600
10722
2173
15562
18880
19339
11940
410
16331
672
13035
9668
14885
8643
2714
3899
19683
12973
16993
15044
1471
2568
19082
14679
10878
16521
16805
769
4079
8375
809
11670
1656
12484
3688
5888
19923
2701
11700
4000
4541
13042
15330
15227
19935
7618
2761
5257
4871
2822
1149
4223
14429
18621
14637
4164
11763
7767
15145
13803
9140
1834
12240
5168
7136
1232
1772
1330
3269
2672
9450
17485
16931
2042
5191
18612
6174
13251
6782
16097
13692
4312
17324
13025
14354
10797
9907
3228
4610
3762
5071
12717
15365
4323
1923
3802
4209
10321
2093
1954
10295
11832
7256
13421
15792
1759
15567
17600
11464
15337
10099
2357
10793
18135
3274
2754
16971
5924
15257
4075
177
1820
1431
18544
8726
16162
4312
1822
17021
12842
8653
129
5630
2103
4980
11774
14443
14357
16433
7880
8510
2135
16559
6275
7974
7973
1536
9796
18490
4983
19366
5669
16558
3712
683
16143
15396
4082
1031
12254
1299
14379
12945
12340
7872
619
17563
4861
6089
9093
206
1116
11820
2496
12070
17583
9283
5748
1095
9940
18830
11486
19013
11169
533
7173
18798
4755
1217
15839
6903
10588
1941
10758
8113
16006
5316
10615
17317
7296
17665
6306
12143
8018
9687
12996
3132
9703
1120
1879
4044
7692
9843
4859
13860
10376
13904
2403
14181
13575
16172
19858
990
3471
15618
10804
8110
11300
16674
17301
1203
10926
8684
6432
5766
6411
1155
10061
373
930
7327
536
17241
10590
8529
18813
6239
7171
4854
13572
15568
2319
3863
9851
2624
2395
18373
4096
11866
7958
16797
18740
3118
4776
15083
4002
3261
14290
17998
7099
7090
628
9293
19892
8973
8525
15270
4735
5935
11958
4290
5326
14949
6786
15976
14450
12445
2395
18213
13716
12437
17101
7398
1731
11184
19990
18075
6649
893
7902
11688
16623
12776
422
11048
17381
10610
18052
17045
53
19976
19104
7188
14286
5469
9428
11763
11837
18435
5734
12714
14009
11176
8050
12777
2679
10029
19771
17990
19112
19415
4797
5369
17390
11660
10388
9360
19947
3274
11712
15653
1625
7413
9384
18948
5557
4340
14916
2505
9372
6955
10598
11611
13334
16884
10141
541
13486
8073
14323
13131
12237
19482
11905
10829
6520
6242
246
8833
19301
9489
12343
940
4113
19107
17417
6736
14229
757
10706
990
8219
18776
4787
4403
1817
9979
19544
7326
12424
9815
793
3614
16984
2052
18599
10476
16630
15826
5547
2007
12172
9850
12399
9014
3366
2515
4113
15830
11882
8799
12603
15986
12979
10120
4404
12945
4105
11646
11080
9525
10
13116
8210
220
3428
13805
14762
4307
17963
10057
18869
14453
5565
4679
18268
5479
4792
11472
14107
10975
18087
5349
15332
11712
6319
18688
17550
9048
17121
18007
15031
19002
19891
11485
7431
18239
4765
17548
13851
1879
5515
7456
6009
14873
7010
686
19586
13646
16746
983
18211
2723
16918
12993
8101
12311
8597
14703
13013
17077
12820
19275
18963
3825
4722
1363
6079
16326
6317
7632
966
19288
11164
18951
7170
10195
19822
2626
3553
7765
8903
6999
846
18786
18444
7941
15169
11323
2494
16938
13960
1550
5939
3916
14542
13977
7041
14411
8484
338
19532
10349
5916
1138
800
16422
3155
5672
3352
9965
14250
11238
15635
11210
12486
382
5245
12930
1412
6157
2641
13756
16628
19729
6752
7809
9346
12090
15153
14794
626
12185
994
9358
1284
7511
16454
6225
6559
9979
18234
18537
16959
19853
4397
10826
7103
3580
3905
15137
2886
17563
10250
9144
14018
19228
18824
8406
3685
9160
14005
1464
78
3686
16416
16084
5496
5945
3427
7734
17957
5314
16653
7205
7474
9998
9099
13362
4603
5651
1524
9089
2402
14108
12742
13747
4580
601
1768
3895
12417
5273
11066
15445
10941
15402
9659
5132
10885
8401
2416
16873
7103
2490
17587
9516
6420
11885
8489
16427
18272
16414
7219
4572
10083
1646
8377
904
5914
4945
18992
17353
11764
15324
7208
12124
3795
497
16723
14696
16757
13243
6648
14656
19112
1037
7067
10371
18567
7777
9531
12505
7216
14588
18626
19541
8937
17788
15877
7681
13450
6497
10463
5915
11127
19748
12580
18530
631
13577
4759
11973
7463
12203
4005
716
5657
14296
3427
7677
17154
15206
15783
18740
13798
9131
13410
18035
5419
11382
9067
914
4153
10231
10448
14927
9905
234
7495
15621
4799
4543
16065
3568
15455
2358
4153
11840
1160
19524
7562
19010
13196
15199
777
11727
6089
5594
5761
13080
5000
6979
16488
8230
5199
14454
10280
17111
19310
448
8300
5571
15945
17433
17100
10905
9363
3102
10673
5512
3980
12982
18178
13278
9803
5498
6397
7287
5298
17469
7900
14602
12732
14307
6043
14098
7680
18409
6106
16721
9184
11762
18258
4051
9957
14278
12479
10641
7055
18117
18189
8440
2612
10039
12051
7374
1502
18781
6259
5264
18223
2533
16589
2340
18817
2747
14609
853
5287
14865
11640
18709
19812
3973
3434
17516
3902
3941
3984
74
13706
2350
14497
10096
6867
10267
9275
7842
18544
5894
14089
19300
14688
4198
4629
3751
9170
802
2681
14734
18005
7723
15919
2878
18745
1024
13559
5497
5968
15967
14558
7549
4863
13979
7693
1248
4076
7540
3519
17537
16231
4061
17100
11628
9984
17858
17363
16924
986
571
13989
16923
804
14603
6060
3046
2613
1730
7926
7873
10410
19437
17323
7877
14512
11391
18302
17496
272
5132
17279
7283
9224
10114
14378
12849
12310
2240
14185
18491
3310
7222
138
19574
17327
14456
15004
11206
3936
5497
6254
17165
17486
6808
9572
2737
8147
15154
16410
7811
6383
15812
2138
12533
10862
18717
252
6728
15219
15741
15040
16532
2598
13463
10224
6855
18590
148
14283
6690
2951
3050
4577
15823
18400
2762
11776
6088
831
14986
3788
8063
9428
6945
4011
15030
17478
5585
12676
19965
15053
17792
11929
8492
13288
19019
5474
976
6662
16063
11763
10318
4421
12147
16117
18503
5245
18056
11592
14584
265
1734
1022
19561
8705
10588
13404
9470
17721
15705
6612
16996
13389
15191
5414
4082
13363
15099
18871
13227
3365
706
14404
3573
19452
18314
17169
19359
5942
8372
12862
2979
14856
4337
19647
12589
16981
18587
670
15156
6863
16565
12404
19765
4481
13458
6118
13200
4921
13871
19780
18
3961
14290
16011
12745
12314
556
17973
4325
4184
18154
9619
4537
6784
11811
19270
14937
6689
2677
16255
12663
6119
16370
19160
12517
7694
13182
1236
18833
19737
2938
3584
3905
15847
11344
9991
18108
12252
2083
18596
8400
4375
9471
5092
16447
10063
213
9702
5441
1112
19575
15962
5496
6969
7269
3128
11578
4956
11366
6030
14972
9833
4802
6303
19634
2244
18302
7102
8066
10304
6038
9813
17936
1572
15850
15707
10229
13613
4613
18084
12512
10577
1086
11197
6752
467
13577
1075
144
3191
7779
342
9518
3044
1347
4232
5171
10886
16108
18211
18321
1120
16214
18981
17920
16429
1135
95
7143
9325
16072
1021
17677
13652
9189
4227
10778
11559
4996
8671
8066
1766
16298
10090
12195
3581
3306
18564
17736
7718
7808
2049
16031
9774
2778
924
4262
15135
3327
13088
18604
5124
3615
1703
4115
3332
16146
8431
9832
18404
14837
3862
16632
4927
1262
13778
7459
17601
4733
5025
14844
15581
11150
17957
8971
3585
12993
13804
1075
14356
3437
4735
11589
3041
1195
12043
10182
18225
9594
13556
15744
16685
3249
15250
8356
19245
18813
13996
12411
3776
2479
8495
336
17907
16182
3654
19689
8931
6945
11
2968
11179
19327
4295
19046
2275
19675
19799
7960
18760
2642
15973
6577
8927
5432
15477
1759
16058
3251
13924
19700
8849
662
2643
15412
7410
7851
17974
4675
13063
18257
12030
2324
18048
4569
9247
15308
7261
3798
709
6781
8360
8970
13926
18280
18814
4868
19595
11158
18907
18373
18840
5445
8213
139
14552
14672
19773
13596
8634
18510
10929
19822
3329
1589
2714
12277
19291
16501
738
14155
15611
1769
19643
2928
7789
1362
10508
11536
8454
11451
15981
13831
2620
2130
11469
12982
14354
7148
12350
15949
4978
3038
16979
14519
4232
10555
13165
3971
15354
5952
1812
14167
12581
7371
5615
4631
5318
2537
12958
5145
17074
7898
17558
6469
19240
16528
12995
1950
9851
2336
7844
10136
15738
1513
1995
10934
2800
8650
7580
3411
3593
4602
9023
2047
14058
15895
15856
10059
11907
11393
9224
3346
8028
10909
18449
6678
19287
12603
7513
4957
6148
1240
3009
6665
11786
17770
14893
4091
10712
12215
9259
15453
4396
6417
8418
7779
8972
1046
17713
6154
5842
12053
10790
14959
9818
15831
5433
9741
11456
19423
10654
4551
10283
12395
2336
18933
13883
384
9553
1165
14141
6797
6574
9897
6391
18795
6605
15092
9873
6453
2495
10916
18552
19828
16881
18199
259
7732
9705
12181
9059
4070
4526
2382
853
12915
16745
15821
5442
11822
16625
12212
9634
4427
17902
10325
5450
7980
8832
8429
15064
19217
16657
18503
19866
2887
18778
3895
14849
11181
4314
13109
1524
9550
8281
18677
2645
14518
7281
19287
10270
2612
352
5889
4990
5914
1573
7963
8685
9465
2045
4918
15724
8437
18002
9328
8268
8904
9139
3708
160
5042
6603
572
10902
17700
13676
16714
6265
14567
13796
6973
15336
10498
380
10174
5142
8121
10807
515
3462
3414
2957
11350
8042
8747
16860
5155
6143
16734
16306
3367
12203
2253
5656
2898
13371
17107
5647
12289
12764
12102
8650
19791
18512
4605
18582
18093
3031
16256
13658
16019
11397
15059
11117
6150
10340
8852
2291
9199
41
13061
3635
876
19818
14611
14732
5045
5742
16008
7872
8196
3273
8877
15397
14531
1337
14592
10872
18442
15488
1156
17956
1696
7367
120
6971
6346
5210
5063
13267
11223
5924
14061
13798
9749
13052
2563
8715
9954
16953
205
13333
13693
13623
15395
12479
1454
6762
4819
4015
11507
4116
1570
1244
17787
3506
15210
14933
19546
6635
19832
14871
17633
19425
12067
18111
7227
16527
9984
6547
4887
4589
15974
19892
8981
13982
1942
1915
6888
1912
13503
17452
9786
1160
11446
5723
16415
18215
13248
11452
910
12123
5291
19482
6581
11098
7222
10845
7500
7835
3966
18672
12781
16369
17979
10849
14669
13480
14621
2995
831
5833
16881
10112
3718
394
12217
18194
5421
10166
3867
18072
15118
19833
11776
12972
8057
6671
4144
8540
19930
902
19603
19482
8597
16662
2177
513
6256
9840
16394
10967
9541
2251
18368
12230
12397
12997
10085
15000
17216
17299
18824
19505
3352
10708
1376
5893
8992
12306
13585
14328
12280
14377
9777
4755
661
17987
3727
4764
13595
4004
13108
736
13142
17324
2719
2161
19304
8433
18305
11961
2632
836
2414
6696
15257
15598
6459
9670
3349
4846
19091
7245
18925
5010
19938
14091
17016
17516
19908
16624
5371
19761
4535
15548
8216
2398
15183
8200
13021
327
4474
19322
9763
14275
6874
4886
5924
7393
13209
17794
7229
7073
8663
16547
14087
6022
7897
18365
16773
18577
18024
6825
18570
8386
408
685
15404
1753
5677
15396
12959
17346
2808
1695
7817
17401
12799
6682
17856
18149
10167
12012
18960
7960
11413
1029
10046
10496
8604
12159
6452
17163
8311
9367
12958
18253
1454
2154
11999
5367
17928
17368
79
19081
11438
2993
15964
15289
14548
10124
7945
1224
1755
13517
4203
7928
19231
13340
373
19746
3938
11206
1331
13428
1854
12091
10545
9478
5427
10384
9550
6666
3650
13124
12612
16919
14689
16379
17182
2303
10658
1747
19439
18396
6820
19142
6043
9094
13442
9300
8144
16706
17490
14834
11798
8200
13491
12246
64
13538
18151
8910
16453
5276
1692
8875
6790
19927
10365
19206
17104
11105
19248
4651
18924
12001
2167
2550
88
10532
16460
2214
19172
4296
14349
13403
14695
4476
9730
17050
6440
17908
9548
8069
5557
14779
2205
4851
2559
5730
2035
12954
7867
6657
18438
11567
18285
2056
11094
424
14571
8520
8462
2193
220
8813
5886
751
9666
13933
1652
9263
5266
15683
14672
3692
6750
15466
15799
7119
14304
16388
16316
8177
16958
5225
11752
2924
1690
8393
16925
3662
15442
1802
9033
466
2229
8302
19538
11631
507
8428
2825
17747
2274
211
19752
790
4569
12092
7706
4401
6579
19278
5168
14439
1069
18383
18527
9912
17551
17783
1551
13565
16471
1832
3837
18697
8539
5940
13601
4156
1509
16502
12214
13039
17805
4720
13222
2253
789
16628
16934
9886
14820
12970
13162
15260
4929
2019
9334
2551
15509
16070
8954
3034
14339
8035
16272
3308
8116
8411
17004
7239
8809
4889
2091
7911
16289
6949
1754
2535
2025
16017
438
8050
11072
18107
9783
8058
5169
10331
6373
2759
8398
5294
13756
2750
8743
8062
4135
4783
13766
9287
14100
13032
16739
5009
10943
2940
709
18773
11297
6349
12326
4928
2266
6471
14711
13286
6701
9082
19158
14844
8897
2415
19219
5824
14746
12378
7487
3038
1272
1996
5367
17408
14451
14374
19172
4484
1387
17073
12077
839
13113
12356
10779
3506
7733
12645
8170
15932
66
3365
18859
8401
3612
6427
13116
3488
13414
16752
16584
17817
4249
11520
18083
10257
7614
7225
15867
3636
3074
3198
13910
2186
14807
1862
14100
132
2572
15804
17654
8183
17786
19657
9667
14176
94
799
14345
1696
17491
7068
15355
16242
4010
1950
15595
12342
2924
18109
3820
16988
604
8702
1700
4879
16369
12500
4234
19170
17097
13731
18872
7763
11819
10371
14264
19672
11193
5697
8250
18576
9482
7073
16520
1394
2530
13211
8317
18576
14278
16563
13611
19775
6433
1044
17382
13640
11203
16928
954
13729
15365
4577
7751
3866
15451
16521
1466
15730
18451
13514
8231
9099
200
4258
11302
843
14485
883
16622
2653
9926
12567
10753
19444
18787
18319
8818
10471
12164
6522
19455
3410
9332
3675
16165
18029
5588
17667
67
528
2505
11938
7723
12208
7303
6053
19522
16908
13904
5510
19065
10426
7249
18991
2035
12157
4569
4826
14257
14288
2597
60
12959
17061
18017
5362
12654
10020
10035
6852
17690
8586
18498
12019
17162
2947
18827
1012
4699
1911
5836
6922
5603
18290
12548
19040
6874
4295
7268
11630
11816
5547
12365
17420
305
537
11662
9789
8149
8706
19785
10548
4635
4776
16494
1233
5964
9590
1727
5008
14140
18421
3003
3550
15819
16560
5831
18688
13662
18965
19872
2136
13951
15872
18892
18270
18547
9444
888
14745
6692
7941
6306
13595
2722
3316
6886
1551
9490
15772
15401
12425
4050
4524
7465
16738
2148
17846
10592
4125
1114
7503
2781
2647
6926
2691
13193
5758
561
6902
10858
12463
1162
7438
3818
9141
19144
11781
10802
12501
1029
7617
10237
12349
9618
4061
17282
68
18091
10437
8604
4194
4612
5973
6705
17936
15291
8853
10908
15202
17628
6292
441
11447
13994
18655
16586
13587
5313
105
15519
19244
8758
5862
11142
9755
125
1893
18169
13667
11450
16675
19695
17838
7557
16677
591
11812
11352
7269
8344
7786
7046
19015
6364
3281
2907
15666
11206
6527
705
14583
14876
5628
17728
2994
6076
11706
19029
4149
158
3531
2538
16340
6546
6537
17715
14659
4519
12683
9642
10531
3501
9248
4717
7245
12378
14447
11617
11048
13881
15685
1712
16880
14676
12263
16826
5371
19592
18539
9079
3483
19258
5836
7410
15021
4459
11748
8564
19201
7621
4127
6397
5551
2115
13572
2752
1678
3419
3148
5574
16751
12716
6867
15485
8028
3105
19583
10754
360
11367
59
2395
9326
4118
16257
6084
17504
16158
17354
5643
10338
10988
454
4026
13177
8690
11680
12061
4293
4762
1113
12668
9987
4998
18888
18788
17435
6135
15918
16997
8456
19740
16726
15579
3141
7683
4287
15761
6143
11566
17097
17899
10352
15578
7274
585
12836
2533
5124
9960
16100
6187
421
8968
4099
9481
3529
1839
16886
7940
10554
7801
418
10244
5855
9809
18676
3858
12547
9051
4242
12591
7023
14033
10283
15130
7066
4251
12152
18787
4772
12761
9901
11137
5316
9430
4446
3675
10464
17159
19551
16300
11800
17139
19394
9145
12796
15931
7221
9163
1107
17193
4435
2914
2925
3853
1430
14071
9741
12791
1580
14473
14509
13374
8033
10877
9025
3632
9283
6126
17210
13426
3984
13019
10061
12691
8054
1973
7138
4567
7854
9398
16800
18280
2065
2769
2781
4613
11853
10430
8211
18037
14033
19517
19922
3902
5133
3658
15569
16486
15634
3705
4069
14313
3129
9326
5897
12811
714
17059
3888
1202
2706
11304
7545
10479
13559
8734
14196
12369
7881
3744
18951
15360
9514
12791
1993
3240
15886
18871
6586
13971
10177
3892
14064
2344
18323
6293
3092
8502
467
14075
9673
6288
17204
19216
1651
10257
19812
18513
6849
18323
614
7970
7572
18139
4741
3144
15785
9671
7780
6215
13141
13846
5118
12061
17883
7734
18304
242
6722
10390
1314
17559
13925
342
5336
16732
12143
15599
14564
722
9925
10170
17425
9395
19381
17237
7778
15441
14147
18468
18858
9849
12550
1381
19071
13765
3823
2245
3211
13152
6220
693
15290
15459
5073
14040
19892
13366
6080
14236
17776
9672
14564
18446
18467
9548
14953
5472
17662
1596
16390
4488
480
7558
10188
10072
2943
2022
12725
18025
13584
8077
3442
10195
4594
2665
11738
3319
7733
16211
18861
16864
14014
5157
1299
7880
18176
13105
10692
7090
9038
16606
1989
9768
5062
14911
6312
7371
10802
9598
17924
11467
4379
9547
5734
223
18717
9540
8919
9468
10028
6604
13553
15368
15823
17238
12498
13731
11774
807
4401
12236
1778
19589
9269
16128
18846
14421
7875
5401
15766
6295
10183
12041
3962
8986
3997
9610
16575
15465
9191
4235
7524
1774
5200
6044
12110
16029
9805
3149
6772
7361
5849
16431
15617
19819
19098
2764
19644
9706
5340
16686
10876
1235
7639
16157
18116
15117
15757
6682
13631
7366
18890
19913
10788
1516
10138
17822
1522
6482
16584
1513
19477
4359
12334
5042
9782
7759
3581
8847
19594
4647
14501
14869
14976
10143
10739
6004
19047
9375
13229
6213
14028
3249
19308
4453
15467
19840
322
5490
10820
8168
5355
3783
16496
8181
9252
2751
7617
11094
19744
1123
12916
7553
3297
438
3595
7637
2189
13397
19386
6316
16380
11415
7720
741
12884
1545
2543
1641
2630
7914
18266
70
10241
10845
1234
12911
15662
8035
6215
15773
8236
6507
8663
315
3628
11443
4820
4509
11890
8632
11193
19024
11005
897
12596
10621
14395
15725
3579
4349
3187
11262
1998
10361
4408
10862
5404
8241
14856
12634
11043
12040
17011
9682
8477
12570
8171
19225
180
10010
6880
14326
9959
9531
11780
646
1613
15356
7147
2476
10982
4598
16678
17226
13404
11193
2503
5620
5529
2388
9918
6023
15579
5469
10025
15698
9341
862
12199
9136
10524
19140
6278
4268
3615
4215
10342
996
14921
12635
4168
3315
13253
9878
668
16249
15511
18482
8098
1873
4447
9997
4299
4889
5933
12999
925
17569
11336
12797
397
6261
6899
4927
1222
7267
6529
14217
8346
18601
16996
3907
14395
5900
15239
15205
14912
5741
6358
16692
6135
7694
17811
5058
7376
7598
10476
3972
11738
8871
10392
16210
18672
6140
6427
15715
19811
15997
18517
853
15534
3412
18766
7914
13873
9122
3392
4773
5679
13302
7371
8619
360
13825
5600
18811
5025
13672
14475
6163
16571
1335
16041
13320
10980
10495
13188
17450
17053
852
8844
6015
12806
10640
4744
19224
1940
13207
16016
18614
15063
4954
16751
10179
15768
17
8613
2661
15181
8261
19717
16819
10293
7452
14178
19892
1136
7947
4097
966
9794
8780
5226
7592
277
17738
5148
11775
2419
14809
18528
4268
15302
18350
7847
10192
6048
6385
9983
16080
8410
11614
9140
18697
2231
8068
14804
9399
19627
19742
19780
14263
16670
7146
7833
19875
10351
6371
13039
7398
9813
7112
3708
13428
8093
1010
12535
15166
6019
9750
1674
19527
13471
13551
16460
1092
14859
4978
4789
2177
15440
10474
461
19803
3045
12569
8300
18966
5787
9385
6450
9359
495
4925
16952
3614
8909
13532
9601
19085
9072
4994
15988
12353
7887
12940
802
5874
7495
18527
5621
19588
12865
3807
6829
16789
10949
4776
13724
13191
2761
2785
15504
896
8896
14779
6529
4826
16316
17822
18112
18190
9614
11397
2070
15709
13506
2166
6328
18529
4986
10211
16161
3187
13321
3193
5928
8448
14026
5443
15670
18506
18936
2704
14557
8750
8700
10030
18832
11204
6289
10317
15806
10768
10509
3997
7406
463
17072
16602
6865
4190
11399
10267
402
18867
2168
17603
2030
14321
17470
2050
4176
18915
6528
7377
19318
11700
19036
10948
18636
17692
11526
201
2461
1935
15518
9926
4334
103
15788
9089
15536
8667
8720
10274
211
6036
524
12246
12516
7546
2970
16722
6754
11870
10371
4113
8980
14102
15666
9822
14346
1696
5771
12633
8278
13421
6742
9766
1545
8649
7886
9399
19387
4493
539
756
13094
11761
2082
4289
8753
17142
18645
85
12399
18689
10983
1269
13349
4422
7181
1056
8256
9740
13120
16971
7261
18357
7059
3894
586
3569
8189
8715
19018
1950
741
13768
14947
9943
14928
3582
1974
15298
13997
10101
587
19963
12636
5221
4973
18767
16185
16262
11800
9137
2351
19990
15592
1061
7572
3827
17364
13681
8683
9100
13208
5109
7202
10508
7808
5466
8353
18381
14159
9655
19840
15931
15281
15967
16420
2339
16272
9431
5496
4367
5808
4637
6225
4109
15017
1817
47
8574
8653
12069
4077
17971
8548
12863
477
13901
12610
3364
4675
6072
13910
589
13250
6771
3941
12069
18306
5956
1667
18417
9330
16697
5758
94
5816
10606
1217
6666
14352
5981
3593
13987
2373
7574
14069
4965
7490
6206
6939
2978
16048
8888
17333
3503
7502
5702
1517
9141
12220
8345
4704
15982
9495
17091
12031
5125
19819
7853
17189
2192
906
19079
198
19778
436
19450
869
13058
10232
11609
7786
17114
6289
14638
13914
16104
7014
8541
19458
18970
18102
17685
10189
4168
16582
16986
5164
6771
18871
4529
11631
15300
18109
17434
6857
2776
4550
13914
6742
16715
19445
3825
19298
16211
17682
2429
17402
10697
7284
7688
19722
4666
14979
46
1315
5337
16160
15518
6106
6154
4863
7844
2312
18010
4797
13489
8840
2219
15996
4526
5811
4473
13317
18687
5538
17492
2806
13382
1685
11461
19838
972
13769
6074
19024
6345
1791
15707
19960
4624
1470
140
15260
6766
4455
17238
17670
3920
19802
1161
1612
17560
3154
19865
1174
11757
8232
19130
1342
6364
1667
16741
2168
5495
6572
10183
6630
4333
2968
3889
2073
19132
13785
7998
12417
238
4118
9579
13743
15972
18286
9380
9359
16483
14428
12462
12168
910
9528
19407
1896
18702
19150
6332
12669
16489
5619
6539
2470
15559
15971
14417
137
11868
16755
3063
17894
10405
16570
1094
17783
18821
9226
11289
8891
11423
10510
13899
8972
13940
19748
873
8811
11915
13717
13759
10591
11158
14916
7649
12568
17349
8831
16291
1532
13745
15511
9389
11774
836
9672
12096
14753
19910
10452
18846
17117
13644
7113
18917
6471
1156
10144
19503
13989
2427
18601
3569
970
17522
13994
14398
2365
9773
8604
16503
14569
18865
11861
3418
16976
19743
12251
6937
7249
6303
4194
9464
8775
15015
19423
11399
15449
12978
10645
18869
13699
17294
1571
13612
4573
8273
1910
6456
19779
7620
8512
18579
4684
14616
14547
634
8578
8210
7486
8788
17946
11028
13584
8921
11986
12489
1725
15397
11290
2537
12621
9284
10401
14931
10807
2329
12843
19615
6248
17685
3284
17370
61
6113
15625
16770
14503
7224
8125
13409
11281
19427
17038
4430
4167
19269
8834
17569
12032
11178
7658
13270
16630
11975
19559
10827
5784
1032
7836
15119
17132
16558
14960
19171
10177
11297
15647
9581
5101
16742
2952
6828
15650
4028
14680
10514
10392
11750
922
10786
1715
16248
15195
11520
5174
8237
1458
8270
13146
11197
7164
14563
6222
11560
18577
13803
3335
8466
8703
10878
7409
11766
10499
7489
17087
937
18425
8295
7131
4697
19944
1167
10131
11398
5212
4132
450
13593
18018
14075
7588
6743
13935
7785
10719
1602
2648
14659
8681
12622
10635
2172
446
10557
7624
10174
9955
16464
15673
18146
6168
6451
3253
10711
4254
11731
18379
1052
7111
16959
14618
19298
17730
1318
11698
13529
2374
11430
8499
4714
12169
2979
10363
3744
16432
18720
4925
18649
4858
4669
1106
13144
17716
3269
14417
3862
3297
2700
18416
2923
13
4798
6903
4966
17005
586
4379
3293
1483
12040
3340
18495
13686
11488
16080
14748
1051
5869
6051
3881
12020
12143
9130
15419
16913
12233
8799
1977
8350
1145
10788
13684
16970
10283
12604
12795
19527
19510
1229
10175
15901
6081
18324
9062
9180
16385
6445
18310
18688
7279
12021
7266
9670
7794
11323
17500
15328
19163
4116
2806
17005
1325
6391
18169
16514
7460
8358
915
981
4643
6757
2724
5040
18269
11622
19970
17792
715
6765
11619
2703
10550
10541
8848
17412
17633
18868
8667
17464
1526
16003
4958
2984
5955
10247
4702
639
10401
11520
4593
4491
1404
15682
3783
8870
10797
16482
2250
13982
15868
10199
1032
10668
7272
10320
547
14615
4563
9999
6290
2265
16342
18588
17375
768
2241
15194
12694
2563
17372
6980
1952
11505
6368
12865
14341
1933
3744
14297
16377
4660
10125
3940
2166
4633
9676
385
4372
3780
13155
2441
12188
9615
13102
10050
13810
15225
2915
581
5245
19477
19989
18981
4698
17677
4553
18253
2380
12334
488
12675
19244
11313
2180
410
5000
16371
12300
14397
15655
18924
19442
10850
13966
11848
11671
3190
12292
16244
12269
15951
6736
10304
17377
7936
13842
13738
11701
16826
16719
5757
18110
8502
16138
17135
19680
13451
3971
17640
18648
19973
11268
18966
5700
9261
11371
10246
5203
995
19603
18359
17193
9743
5432
18446
15333
12239
421
11379
1569
13530
5867
14462
2813
16008
17706
19157
2767
19517
13069
15430
12851
12994
2841
6093
233
18519
7634
16545
8049
17206
753
5380
3207
2975
1077
19545
10486
15090
11218
14133
18205
13223
1866
11289
10324
19838
1934
5375
12598
3868
5940
12219
16324
16928
14995
9147
2159
18731
5821
19444
8666
1887
13443
18
15496
7939
17489
14232
19453
16303
19493
13247
13244
5617
9141
8665
11308
13111
1112
16876
4896
11750
979
11230
9431
7143
8557
12003
11196
6700
10179
16098
7531
11982
7551
18520
4952
11893
167
5883
13008
9130
700
8567
8184
15215
18347
2606
1780
495
13817
14972
8477
4603
11429
6680
18138
225
8784
6947
2446
18365
12482
8633
46
6893
9592
10295
19197
5751
18874
3371
15231
2070
13204
14412
1676
16260
5219
1720
18509
6265
1878
13325
8783
1240
482
19038
5685
8292
18589
13052
6180
16254
3385
5643
4453
9040
12202
2543
18631
17774
15250
8823
7677
5690
4019
10459
1807
12669
14413
1213
19436
7375
12350
15079
16425
4042
1369
15278
9230
18315
16759
19565
12625
1913
8764
8696
14741
9428
8602
9880
17456
12264
15398
10372
18531
4443
19513
17615
3388
2978
8364
1891
9077
11524
4490
14987
712
10153
2467
14130
1525
16431
1183
14277
1746
13349
11067
3838
18558
18214
12072
8977
9721
13252
7488
19911
16771
13478
1147
18900
10237
10282
1123
14167
8938
220
1723
6538
8185
7667
17388
16337
17565
17259
17065
16907
18033
7482
15664
18096
120
274
431
18178
350
13190
4354
15848
11327
464
6184
5328
2463
17177
17212
7061
12923
16846
8623
14089
6160
16817
87
19909
6255
18217
10162
17478
10288
7574
2192
987
8121
15767
5499
2136
1178
6647
11087
10856
15241
12399
13420
6777
8755
5704
15469
2206
7744
19732
12879
9996
11255
16177
4944
376
7064
18841
4992
19699
16406
15673
900
11012
8644
5707
7577
1437
11990
8994
17639
4633
14828
7433
13904
7879
3663
2286
17894
12852
18332
215
12272
16735
2930
13842
11878
16038
11691
5098
8063
9343
13164
10064
14002
7168
3072
2522
14916
7233
6555
98
16419
1651
3836
11679
6661
8893
9884
7669
3503
7869
18248
5706
6643
14039
2019
3624
16436
18227
10724
18702
16097
7624
11003
7696
2024
5451
10995
5624
8195
870
3658
13015
4886
13912
2605
1036
19413
11584
5552
11870
7165
753
5092
7761
14870
11024
14266
6243
4893
6558
5295
11436
9250
9577
13816
11633
15145
356
18124
1978
9984
18513
3137
7680
13151
8702
2226
7995
14307
10102
16515
14113
3461
3624
912
15144
16840
3317
18864
15522
14345
9175
3748
4461
9335
7437
3733
3494
9556
11383
9198
11664
19226
784
6921
9599
16576
1346
13707
13467
18628
6862
13627
7770
15522
6240
17614
11894
419
15182
1986
9573
17816
8017
3291
12637
3046
19019
10900
892
8796
14543
5896
18447
10706
7377
5059
13536
13369
12955
2128
3593
534
13422
15030
10304
8886
19990
7378
392
13427
6658
15318
6990
14348
9064
16664
13839
10179
1097
8275
19875
10107
18860
9747
5339
19523
16701
6761
12214
7179
13193
5801
11558
9766
16365
13439
18213
10336
6908
18060
9424
612
5680
19600
8041
4100
17594
3796
3273
16856
7778
11405
2375
15779
7875
10038
15170
10564
10502
16431
9997
14699
8017
433
4417
3381
8172
8430
6966
11756
13666
13608
7254
5616
5209
13160
861
8448
18437
8459
12789
13747
13887
3213
8635
9501
6147
16728
16152
12974
3490
14701
1586
18262
12440
8283
14899
16467
3106
3720
15948
18974
10590
19468
19684
17956
5363
5443
12639
15079
1228
19940
15204
19293
3346
3783
14665
17701
10763
18356
12446
19633
17972
4469
15709
3439
8281
12326
18235
17874
18087
9457
18401
5611
15653
12998
13126
4995
547
15554
5816
8094
10656
19692
13615
7929
2546
5148
14677
15902
7838
4951
19726
11626
3481
1928
3813
1631
6921
15410
13966
10928
18577
9503
16365
11925
3488
18875
2662
8906
11575
15790
19270
3102
1731
12998
15712
3303
18732
11071
8524
67
14019
15941
5754
7715
1401
12610
13756
17676
17053
4418
12764
19157
9450
13721
620
8668
19381
9508
5116
8658
2812
175
14510
7315
24
5630
13101
16505
3384
1835
14145
2943
2990
13065
15931
18812
14599
12415
8498
2442
17444
19424
8244
17017
10880
15256
15623
5923
18289
10444
17117
6978
4285
17992
6868
4653
6928
5509
5615
9286
587
4020
5006
15412
16974
18285
3881
7455
2055
13648
9791
10421
14679
7863
13788
5609
19211
12826
9459
6959
8832
10784
18169
2329
18829
12326
1691
5834
9912
9365
10634
2281
417
5299
12541
12841
3242
16691
7004
12276
18485
16054
6871
2334
5921
3678
4354
13405
12847
17999
8773
7074
2302
18587
18712
5881
14206
3593
15527
3479
17773
14400
17400
8228
17317
14213
13593
6424
15608
4416
7047
17475
18980
2852
10151
12722
6663
11490
3295
1973
3120
7490
18714
17445
6666
1287
13194
3485
237
18073
2327
12202
889
14945
6332
10201
13482
4965
2857
19532
944
1543
15674
7296
8624
1773
9912
2551
3484
15755
14175
16690
10172
434
7882
13979
5571
11094
18134
2642
10928
1455
4624
13715
16475
4120
13344
4821
7227
7198
10316
9066
10672
10016
5028
5495
17130
11091
19993
16800
11799
14924
17589
2479
3840
677
18260
11152
2346
15414
15189
4481
11605
17362
9733
6919
18837
495
19163
10484
6375
784
3693
11793
17278
16552
3297
19812
18466
10665
6482
7068
18616
604
12974
4519
9527
4064
164
864
9007
12252
19221
728
11038
10891
10942
3007
14626
19752
3642
587
6630
15606
15879
15705
15812
551
15281
11453
15485
17964
1411
19165
10293
1714
5429
13974
19086
10716
12177
16283
263
10627
11364
15679
18569
17147
13698
5559
3088
11343
5077
1742
14960
16350
17388
16362
10390
6998
7964
9550
9554
9113
1442
5717
5280
13652
17527
18715
6695
2325
6097
698
12513
15976
17088
13174
6246
14780
6802
15637
1323
151
4527
17007
17977
12282
13786
18238
5699
4389
1071
10641
15180
4920
11562
3751
11888
12452
6139
19042
9740
4430
16874
1356
7861
573
9267
8568
15946
4518
18602
1893
14536
13147
15126
14106
15310
12038
8142
1072
3504
7625
2642
3144
19646
1915
13777
17307
11031
13942
4243
8406
14690
13708
17554
8321
3108
18928
16247
5706
11510
12701
18180
15652
11293
11058
16402
18647
17988
3406
8464
11212
4148
5934
9594
16821
7632
8384
798
5028
3990
17906
7745
19130
7980
10258
19218
18316
3763
8212
14910
18891
15866
19819
1550
11021
3773
5018
13592
12353
11819
18115
143
17966
13057
15773
13290
17263
10847
5406
14732
12758
5155
17246
7293
13139
11884
14883
15925
3572
3047
13650
8740
19865
13162
14048
2839
9982
13022
18233
1960
16277
5768
1618
3390
14950
12246
18744
10104
5353
2660
12884
10780
11140
19790
12140
5095
17674
5403
11382
14654
5674
5893
18944
10892
9773
15894
9780
10489
12489
19207
12643
16110
19029
5335
7876
15686
6432
16819
4502
16988
1742
17723
587
5922
18216
6784
9201
16733
6019
10133
13827
10244
14410
17954
1680
12257
16138
17033
11165
8444
11571
16874
578
4309
9999
10936
19145
19214
18681
16478
18661
12037
16319
16611
4176
12612
7022
6397
5639
17983
3223
1152
18852
5335
11619
19605
13732
14526
14839
7157
639
2341
13420
15193
1416
7794
17576
1282
10763
13308
16318
2021
15714
58
2693
15437
6248
17467
18185
13026
18423
16629
16823
2897
2943
15310
40
4946
6682
8263
17075
16576
12464
10700
2500
3222
3254
5098
12374
1753
928
11887
3661
16850
16931
3134
17652
492
2365
4962
17526
12950
18436
9278
12565
10041
4712
18240
17153
5806
2223
15964
1347
2467
11264
1121
11635
152
9556
1361
15453
17784
5492
5905
11068
13475
13281
16192
5646
7866
12093
6116
18650
7090
9642
3181
15130
13373
12191
9819
14037
749
7571
127
10419
993
15554
11468
17112
10567
10821
2645
11544
13240
17739
10783
6295
15015
13332
7569
8254
8084
15035
12187
10550
18756
13237
3044
13852
10678
15117
3309
19210
9078
15878
16318
13305
4445
6285
16066
18778
4697
1238
15256
7268
13794
13176
18858
10836
1706
16169
4578
18661
15729
11866
13365
10201
6409
16820
2849
13445
2613
2213
14480
7477
9834
11639
11240
12229
3359
366
16891
5137
3669
351
10057
14360
15309
19314
16823
1272
2399
9299
4074
1128
4076
10370
2460
159
1408
8544
2668
9723
13590
3473
11556
13782
5808
1101
5793
14604
13651
9212
19759
3446
9763
19713
11783
17894
17215
10456
8164
15618
11069
11563
8021
15462
4715
16474
3594
11158
10766
16280
10479
10324
17653
17451
10149
12053
12537
7675
3146
10005
8746
2272
15522
14816
1667
14555
13358
9504
887
7477
607
4676
8320
1048
4061
6497
12185
10284
5893
9709
4908
11780
8985
433
9354
3547
13205
19047
12313
12349
1802
12138
16704
15565
6256
14307
14728
439
15217
5603
13026
2617
18552
8375
7882
7993
11073
18557
13602
7116
2180
10697
10418
19830
7428
13500
19635
19283
15947
3205
13183
19094
13663
5816
2352
5218
16449
16028
6208
14916
9614
10614
14037
9259
528
17125
8123
12702
9749
14935
3284
3539
12662
14978
7799
12418
18403
6972
16710
2602
15810
18490
12959
5277
7099
18929
14409
5997
9204
3232
5537
4197
9944
5184
11408
16719
1617
18159
8546
8455
18153
2364
2386
8402
13627
11976
14223
7887
19684
3006
11937
19138
7390
3246
8215
17064
15010
19420
17621
14845
7416
3414
9568
14802
5056
19412
18087
10030
908
6887
11298
9415
12291
488
3524
18874
11133
7285
11286
15101
1029
14197
10700
14516
2379
4032
8293
9844
7901
17255
9883
19417
19974
8412
2830
10226
18572
11072
15867
14724
13934
3237
7670
3542
11677
16336
405
1482
19696
15259
17763
2602
16000
14300
8290
11625
14509
4483
14312
13625
11934
11395
4373
11615
12949
19501
2781
12599
13205
8829
3758
6622
10115
13007
9605
10498
9896
3798
2460
18135
5989
16617
7361
12769
18786
13951
10781
12911
9498
19148
3165
3454
12012
1772
16676
6121
5785
17491
10064
9342
70
472
11365
6614
15196
14213
6199
4564
10177
8089
14464
17172
17522
1038
11472
985
6011
1393
912
7659
19982
12346
16523
14819
19830
6257
16922
3935
12488
17829
3761
4834
13002
6125
17276
450
18693
8434
5204
2544
5953
15230
1178
9389
16348
14755
6928
19786
3553
8194
8959
4278
5464
2005
14848
4068
6951
2638
6903
909
7823
10688
1643
17063
7878
16481
12434
3519
6332
17160
19535
16676
6432
6520
16962
9077
17742
13162
8755
8033
18362
19971
8625
7585
17251
8513
16386
13812
2869
15589
2210
1281
18500
6074
5428
19298
6926
16017
8515
10641
17486
3143
18774
12549
7160
18002
419
58
13898
18399
7927
5062
15275
12119
17907
1095
8399
8569
1177
3339
18073
8645
19358
16214
19371
3918
11035
6739
8046
11220
11312
10846
7628
16739
5669
12004
5589
4942
14011
6715
2620
1962
14119
9851
18834
10522
4986
14301
8653
14028
55
4021
12122
1170
7923
7327
14616
9175
3834
8178
19124
3809
19108
7161
15759
7262
17642
1048
1645
11298
8701
10037
1013
12291
3463
5178
100
17287
19096
14963
4385
15748
8656
19728
6699
10335
7655
15231
3936
11923
18904
2668
17350
8954
6062
1398
16859
19327
13294
2764
3291
4198
13569
8644
4173
7374
11297
6779
8469
1460
6410
6389
3541
12438
6421
12238
3688
18090
10623
13066
13746
12457
6286
1172
13534
18505
10578
3935
19326
14199
3906
15223
17095
13404
10450
4828
8882
12340
9927
17512
8492
14747
10915
9723
5579
4506
598
11641
8234
3133
8336
5035
13366
11393
1235
13229
1421
9214
8697
8504
7415
16141
9943
14392
3799
15794
13558
15585
2296
2063
11371
6517
1690
12246
293
11231
16411
12906
15245
11756
16814
17884
3871
9938
16211
4759
19473
18618
12009
15949
12463
11974
8680
3762
2561
2046
18878
4829
14119
8656
15635
8752
15122
13369
13368
18159
16799
14584
8347
2988
5240
10539
10299
10463
9007
9710
5985
4095
17450
4008
12866
9929
13309
19139
6418
6362
10106
18671
18117
5023
9995
3553
2884
14552
897
17248
4435
16523
13139
18143
5031
13343
15277
15492
12025
11653
6349
2953
7866
1553
17590
4625
12445
1938
10437
12501
17107
5286
9624
1389
8170
11426
317
17600
4468
9146
6390
11094
8216
6926
13353
17247
11386
9653
3876
14075
10854
6882
16459
3473
4708
19991
18547
10912
9400
10548
4191
7054
12852
263
3359
6850
2124
14085
5111
16970
15960
12345
10030
768
12273
5233
18687
11494
8556
3534
12382
9114
9245
13189
9987
3815
18221
8076
10463
189
6904
15349
14440
10074
8821
760
259
19158
75
7526
9930
12715
1763
1690
18732
9210
5220
9309
18477
17030
13845
16389
18973
19214
16319
1202
4796
3798
15174
374
15214
13308
11963
15164
3960
5898
15689
2329
2483
2773
14686
5218
15480
1804
13802
5049
653
5604
8537
9741
6030
3834
5662
8256
17664
4166
5925
2103
8092
4051
18574
2452
11674
16322
19737
11273
6803
5714
17083
7951
16900
419
1758
19053
12252
13157
15219
18215
2942
19532
13388
5561
19493
17996
13456
11647
2307
15359
19704
19608
3554
4544
3869
979
5958
7138
2852
15639
1687
2343
12014
14388
11598
16001
15793
3818
146
18683
9061
7504
14496
144
2440
4967
7746
9014
12666
10409
15596
11191
15163
6942
3465
8130
129
18815
6685
7180
5715
4128
10366
10026
2330
3529
17381
2514
10564
6661
13104
9311
11974
17349
13719
303
16675
11048
1267
2072
4656
3560
3077
17475
18733
8799
5833
9076
16245
15120
5228
18048
3838
14730
1018
9210
5146
18733
14281
14944
4679
1570
8740
16026
12893
2905
1267
5760
7210
12504
8020
15321
1657
14141
12140
12856
3840
8327
16531
6597
12121
10440
967
3181
8147
10789
16612
16328
10295
6189
3055
8193
12146
8843
2964
15910
16732
7637
17806
9307
12109
19373
14331
2178
16710
3068
16035
19215
13967
19093
16418
3395
14857
16811
11543
14512
14301
9216
8301
18593
2765
1247
1694
19976
17945
19563
9614
3168
13080
5927
6769
9936
18206
3750
10769
18594
18609
7970
2872
17082
10729
2065
13468
9188
19949
12858
8118
4135
17010
13717
13786
13774
10139
19779
6922
18739
18588
5071
5086
5168
9886
10666
2105
17003
7915
5508
3020
15353
11841
7047
9617
6046
6929
7570
19903
9255
17475
3889
15617
959
9348
13017
710
14987
15040
14524
706
16567
7690
11431
17960
3479
12156
5852
1035
19387
11050
3025
7770
15351
1525
7910
1109
10163
4634
2283
14320
17961
3291
6992
17995
12369
7072
4079
15023
479
12570
16429
1754
7092
6532
18912
3632
19898
5642
4192
1806
19649
1641
8905
13583
15879
3353
1433
14053
8370
18232
1185
8821
17299
15218
1139
8482
10893
17937
327
14371
8410
12751
1005
2023
8406
19628
6460
3938
7496
5533
9693
6444
13193
19747
10700
6780
15916
18538
597
6034
9892
2509
4547
1137
421
14235
2275
4839
5852
16015
4871
6471
16642
7969
19667
8220
10970
15298
1161
11790
6642
10147
5265
8510
12423
18280
16635
2317
8404
13751
4343
9510
14654
5703
19896
11762
175
10674
3422
9612
26
1010
8730
12487
7525
5413
16090
8309
10525
11223
12724
800
6046
19623
5316
5852
15911
14814
6327
19664
17542
6060
6413
10822
18689
7581
8992
6084
2640
15404
19775
15388
11314
2568
14050
15415
17677
4518
7550
3012
6001
5020
12951
19907
8791
19614
13352
18358
2550
8403
6508
3688
1068
12875
9203
14200
4553
2503
19794
1505
5662
16029
18799
15049
19393
9606
2334
13460
12773
19404
11273
2313
2428
9803
209
13014
3370
9971
4571
10714
10715
1401
11752
10523
17540
6889
2610
10761
16725
7482
3444
19580
2389
18076
15327
17021
17380
4620
7655
18410
7331
6322
15786
6965
18843
14756
8899
3607
19715
18444
13464
153
2427
6273
10194
18458
18628
16017
7876
12518
2032
15260
16223
3139
9802
11188
11656
5533
8489
3001
14889
19021
9493
16089
17260
14992
1208
10693
3934
4391
10245
19367
6412
9210
12508
17418
14253
3812
6397
8342
6440
11381
15044
12366
6544
18416
2257
315
2649
5868
7692
17354
2931
9393
10814
11536
864
13190
311
628
212
11917
15886
17353
19281
3482
2748
7978
16355
1810
15587
2052
13781
3162
8496
2189
6905
2187
10015
1904
5827
14618
8381
6817
12918
2351
1047
9944
7102
13638
14681
15337
7081
6209
17117
15983
24
14370
1057
11662
9656
12468
907
383
18272
16576
8691
13039
10877
13883
2782
5093
16471
14939
14028
11370
1455
7820
7922
10488
3172
15193
18500
13933
17822
15396
10001
11498
16274
6847
5631
9554
13764
11468
9311
11558
5022
7254
15913
11218
15066
12734
18234
17899
7719
16803
14843
11159
18834
16208
1943
6680
19308
10002
14507
9424
4116
5338
7220
11491
7947
12200
14110
1938
5463
6039
17292
13737
4725
16733
9838
19082
6093
19891
15567
18414
15661
2254
9436
10808
12262
6783
6161
3806
10129
15001
11914
19281
15512
14257
4111
18598
4835
5789
17739
5108
14434
15832
13161
4946
7511
16473
19938
18113
12562
5554
14021
10993
9442
15657
11476
8736
14075
1051
10967
1372
984
8420
9313
1011
3914
12365
9700
19190
9204
9803
528
13187
3979
18804
4334
18027
1788
16851
904
16978
2036
1102
16418
7444
6351
18961
1354
11474
14969
1138
13874
542
19303
11288
2587
12712
13035
6493
2741
17064
3396
1009
3410
4945
16741
2094
9615
579
18093
1175
13040
4604
3004
16224
17698
13224
11927
11942
2836
12983
2220
13165
4303
16579
10946
13936
17819
18649
12887
9719
12744
12134
2421
3509
13403
15610
5432
17899
16488
19892
17943
4674
7686
8235
11862
1049
18455
18627
5055
17466
4733
18966
2902
15631
13366
16294
1544
7500
9208
19819
19241
15999
6019
4122
11558
6494
17773
13692
8550
4364
3394
12901
7676
18516
17622
16507
4880
13266
3471
14978
8059
11737
7554
16191
12117
12789
8656
476
2853
429
1969
9513
18108
19795
16704
1251
8955
6997
3190
2794
11104
11445
7019
1116
17300
18805
12481
7510
15174
10264
5248
15821
1804
19555
15168
6800
6216
13023
14027
11340
4100
19980
251
13883
15205
704
2803
13935
13219
17646
19887
8426
10338
11802
14583
10565
4347
586
19154
1855
14683
6256
12549
3114
5792
14566
11467
7630
1015
12234
14382
4969
8328
18735
45
17515
10434
13082
7220
13472
16021
19421
10826
9832
6451
16668
1120
16745
2711
16845
7209
739
1139
14404
3933
18415
3262
4521
2021
14529
15025
2212
5459
8752
13748
6094
7094
13987
17350
686
3797
15733
19690
19405
5853
16794
18322
16735
11765
14550
16503
2523
19292
9014
10037
13958
6282
19081
11284
1523
742
11672
17675
4017
8611
3829
85
4780
19802
1443
7634
16285
8347
9856
19813
13537
860
11457
4232
8028
9039
13224
18898
3506
6544
3254
11614
2373
18345
19455
15858
17286
1541
5876
2528
6359
10598
12529
19920
12350
17146
3150
570
6307
14687
11935
12829
14370
1945
15141
7583
2787
5136
16293
15978
10643
9005
4817
12817
12447
19270
17055
12014
3391
14993
5918
5508
8978
8368
10813
15050
7693
11588
13074
17510
453
15678
3714
8631
3822
14572
161
7629
5342
19204
6514
15584
18739
1031
17916
4277
14447
2140
3773
8907
16531
9995
6853
8125
11017
18844
5718
17824
2534
6977
6443
1358
6332
9258
16275
8161
10930
17734
6636
15189
12998
19636
15809
1162
10568
1698
12684
12279
3235
12503
2056
19913
8776
422
19324
5693
4410
13707
17790
17495
17940
1469
15310
1028
9096
9474
18734
6006
14605
3108
4317
13377
1911
11349
217
10609
5866
10217
13238
15742
10401
11917
6107
17734
2817
16791
3889
554
12251
19182
8538
11569
5824
15431
9124
930
16056
2522
11927
18001
11386
19215
19392
3322
17960
8074
19821
128
15345
6341
10748
8184
1392
6475
8072
14486
12226
2925
10326
303
12181
827
12864
2152
15446
4356
294
15434
6323
7780
7107
13823
8191
591
6312
14888
12641
9636
3704
13062
19694
15776
1505
4697
17635
347
9231
6804
6710
17603
1956
1008
4765
13309
16511
17293
4922
16766
14754
8350
5428
3844
9629
14588
75
1930
4599
2404
3931
4247
19880
13759
13578
592
9981
13920
3676
14313
16191
5936
2359
1232
4959
15432
6864
15200
18502
17343
17720
17129
7536
17390
4956
19559
7648
15451
12981
17258
668
5375
2174
15783
10240
6403
14648
14631
16904
15014
19296
9297
2077
12842
16907
7495
2690
6261
10026
8756
18582
6288
4176
13766
3328
3654
7175
10063
5808
13201
11497
4089
14640
14217
962
16074
10493
18873
17544
3920
12317
19630
16654
14903
12720
18291
9984
24
14991
4320
3855
4702
9658
8109
7982
11762
2046
6091
14662
17813
3929
18861
11605
12580
12164
973
13007
2189
15107
11586
12895
12079
13648
18887
2405
2954
17857
7961
8365
14047
2518
11797
4393
12018
15242
8121
17705
10874
9397
978
4933
18625
707
15286
18440
19702
1225
15035
11028
18715
7249
11346
11326
10732
8778
15338
4832
6016
7313
12531
16230
3061
16043
10472
7501
12726
11895
19327
3283
8447
12449
6391
10072
12707
2396
19758
9042
8389
13967
3873
13622
5055
13728
10190
12463
14918
4102
19948
5979
949
12196
2786
10417
10481
10784
14931
7235
1675
16660
13763
17527
7315
195
11678
1362
698
16507
11586
106
11704
13508
18745
16149
7698
4939
9237
18934
3500
17599
14068
18773
17428
11092
9707
672
6307
5714
10794
19227
11319
19514
18843
2634
8721
9118
11931
18910
4697
10497
4702
743
1999
5754
5438
6608
17514
19797
7537
15375
4573
16902
16400
9160
11486
1252
9577
14904
8783
7876
17935
9064
1516
803
18712
1680
10219
13761
7460
6281
14303
15458
5259
10229
5072
16217
19972
6514
12040
15687
15915
12433
5880
2356
14978
3228
4049
14780
14070
9447
11054
1706
18707
5662
14298
13680
590
15132
8589
2292
8263
10119
17650
14810
14230
762
19332
11834
9336
16783
2756
3399
15823
15768
10216
15090
4134
19338
4465
19836
5358
4301
12831
3343
11164
19651
13668
11558
6119
2349
7747
17067
3502
4786
17440
17994
15006
5211
19957
7778
17203
8606
7379
7072
3183
62
15843
10084
6476
5258
19047
6816
16198
3393
17046
19950
7280
6756
10380
542
7716
8083
11652
205
15973
1981
11977
19162
5990
9876
8053
19279
14657
19328
7146
9136
17238
8018
1897
14231
19857
279
4604
19549
15040
19832
11519
14029
16178
16162
11723
16868
9913
13989
2220
4143
1581
5378
1208
869
18198
12237
4811
18438
15915
13330
9095
253
14400
14366
18798
9409
9351
2359
6974
11488
16116
6162
15609
12735
12348
3913
16307
9358
15711
15126
2229
7212
13809
10247
17749
2760
17858
3713
10676
16045
19046
7905
13357
14255
7095
14867
3665
542
4222
243
4567
6899
14544
9611
11882
2195
8873
11272
13852
6847
17925
1457
3236
14197
13195
8089
2933
15270
14001
17409
9500
8394
11700
4137
5435
8093
7613
318
718
8669
19897
10591
16889
7054
6424
12352
2768
6822
15646
8114
9968
10629
15530
4360
18481
1911
1803
16260
7830
18309
11066
876
17706
9098
1823
2782
13491
6770
16953
15550
6695
9012
4944
114
18089
1425
13932
16751
12219
13638
2600
1297
15942
11904
15013
8126
802
9750
2692
12604
19294
4957
6494
13862
18444
5911
13385
5145
10637
13287
18674
3442
1260
14040
13037
12696
15485
3868
15422
15627
12377
1581
7924
8041
3526
14213
16717
6467
5541
15271
4396
15079
10995
10148
13327
11067
758
2539
7104
18960
2208
3586
17742
13914
2411
1536
19932
1527
13103
13824
523
7501
15224
15827
11291
14314
4715
880
6190
4018
18456
14749
10391
6388
19448
4372
7803
9895
3734
5457
6164
9269
18058
6486
4374
17941
6895
7662
5445
6229
213
2505
10234
16848
9248
7107
12078
18202
16541
7455
10531
2840
8634
8753
13568
3606
5060
12361
1959
3213
5677
15727
6938
14300
9842
8628
2889
6549
15612
5030
414
14987
4859
4082
2026
19361
1102
16020
12588
18294
10854
19157
19742
13926
6394
12702
15710
12810
18152
16777
1222
17095
18255
5818
14716
6346
13298
4419
5556
14823
4034
5762
18678
11679
12404
11884
19933
12192
2266
2352
6276
7058
9103
13313
13071
13705
6205
12440
11958
8709
10006
6913
7012
13590
5672
1412
4422
17643
15537
10964
11440
10909
17601
9563
14053
8002
9054
19586
9660
9217
702
19390
10965
9219
2128
6798
10363
5543
14591
4797
290
19270
8890
12373
4337
18461
8817
8230
6338
11254
7324
8021
10251
10021
12148
16781
2296
600
10402
7400
18668
1282
17520
13244
7078
5144
14942
8481
8403
6249
3043
3157
15989
15349
1101
1772
14390
13951
14434
3846
16828
16939
366
2929
11191
13439
19301
6480
8085
13197
14956
13264
1284
1459
8637
7155
853
19210
16517
16660
2271
17578
5929
8027
11119
5321
16996
6422
12151
16529
9276
14501
14061
12044
9594
559
16800
12522
16898
19498
16987
3725
2681
9039
8788
15304
11432
10817
12566
13196
14568
1514
11681
2740
3405
2600
18995
14704
2030
9029
8980
19648
19266
16922
18731
7371
454
18249
1808
17700
4390
6525
12434
16450
18527
1696
4517
16107
16413
14694
9761
4652
15339
12528
12337
7893
9323
13321
3659
10796
12785
17379
215
1498
13660
5137
19783
18062
1185
5753
16975
12491
3257
1156
17694
19104
974
19508
3962
5146
3873
9333
5465
10281
8387
10953
12275
8658
4143
15458
14347
12294
18015
3033
17772
17757
14203
2292
5133
19478
109
10172
17950
12493
2416
17968
2844
5012
15552
3248
19863
16940
5551
9682
1413
14318
16370
7233
13211
1617
12842
3663
4970
3933
4671
5014
7743
19352
9295
17465
17389
8075
7915
5905
19108
9396
8634
15582
16740
220
13395
2366
12312
9507
11293
4407
16270
1912
9830
3453
16894
817
7827
7541
18575
16105
8944
18505
12989
15205
13143
7489
14581
7285
4943
9585
12403
19983
1933
4732
3996
15628
14760
16194
3843
19615
712
10207
18858
17497
6976
781
16445
19276
16840
12218
16832
9499
12295
8535
745
19991
9928
3761
15876
18392
13470
22
11215
135
16003
1324
6951
4116
17570
135
19535
3036
19845
11133
6374
8182
18474
11904
12714
15487
15873
3903
14494
4718
2494
8672
15209
6893
2964
4062
12305
16419
14997
3145
19195
3829
3615
4512
12642
2673
10949
16845
12110
19797
2822
2902
7609
12117
17230
18476
15618
4922
7075
459
18877
16915
19650
4715
15148
5351
8854
9373
2484
10996
12531
1941
4120
7153
7025
19758
4781
19523
13755
12437
12026
4444
18513
2211
11183
11883
13174
13557
10499
16529
1664
6966
14330
15425
7255
3385
16489
3822
16657
5691
13333
12245
17870
11400
16728
17301
13390
6905
724
6263
18116
17664
2582
1283
2201
1060
18755
12866
13046
9051
9463
14248
7836
16289
11709
8385
8207
6017
19923
17528
12040
10846
5810
1662
3893
18453
14580
6581
15173
13233
13441
14982
17966
14115
6
4642
12232
6065
3255
6636
5181
8151
7731
3506
3677
14647
2846
12368
5857
7250
3496
1217
6447
6317
5620
7985
1838
6918
10898
11415
15559
11535
18498
395
2578
5404
18562
4122
11683
2772
12097
19326
9294
2782
4988
2724
15070
12173
27
7012
10037
18719
211
6909
11250
14048
18945
8085
3593
7434
8416
16347
18860
3180
6020
6969
15100
13358
643
14854
15016
4977
15412
5012
11267
16035
11728
19818
18609
18484
461
14649
8096
17748
623
6655
16918
18265
13169
12839
8981
12409
18224
3047
5927
6176
17667
1057
16093
19219
11867
12749
19743
9041
19265
4090
2934
9621
605
13711
9506
3251
15755
4933
939
1039
441
290
17170
12294
2594
18009
18039
15958
3626
4310
14559
8244
8610
8020
12063
9825
1180
14752
3083
13207
3877
6657
6860
16296
2777
827
14502
1758
6384
4467
4055
3364
13120
8186
18139
10374
19164
122
8312
18849
8972
3065
4918
4877
14498
14364
8996
8805
5949
4102
3622
1914
6849
890
6135
17320
9255
6599
9778
5475
1166
11436
13561
1258
7465
9007
12533
4474
8194
17346
17129
18437
13520
16379
9932
2411
3434
14860
10894
12771
2062
576
7977
15117
11385
6421
19154
4883
17252
1975
3864
17618
1733
15234
17232
1709
10221
2461
18790
6112
9086
15374
8897
3611
10276
4456
10711
6087
12947
4681
3313
12510
19023
15750
2451
2602
19517
12722
19403
9556
1530
4918
5551
13725
12004
1093
10534
15848
13676
17057
5244
13171
1053
18301
7379
14733
9843
4645
16953
13125
11967
16523
1891
19172
56
13255
9698
3300
10323
2479
247
12728
10744
6914
16798
7211
12659
19708
17664
17645
8260
2856
19282
1712
13843
4500
12983
8581
9270
10443
12359
10782
7792
2742
5892
15468
7192
14022
10378
9608
3152
19972
4708
4052
8799
4473
10648
19942
612
1877
17585
7597
138
9225
1506
2794
3463
7503
5047
8290
5898
15498
5036
19424
18064
2478
16733
11852
11378
6543
9823
16700
5844
4458
258
3880
1185
15633
14129
17800
13477
18112
15055
1417
13807
7595
4890
4289
12896
1881
9121
18290
16207
2617
2915
589
7747
13782
1527
7721
7568
2123
9692
16851
7960
8541
18599
10708
6335
1466
16173
11247
19053
3290
16670
3730
19702
19208
18942
17698
17830
14122
9258
4257
19669
17760
14155
10056
11087
10754
1610
17602
14821
15133
4635
18743
18995
1561
455
13619
11969
12578
523
895
9786
6261
11894
6763
6785
7879
18869
9970
17379
18510
5293
18039
7589
9058
12557
15908
18597
5660
