87994
84120
30986
70303
38151
4642
78956
86242
35871
53916
54425
90111
52380
22944
96214
366
87515
22555
23921
59734
28183
22906
76700
59600
15532
1568
69914
27051
33364
18446
47630
93079
46458
77650
57935
47600
24177
93956
67556
39808
82129
54645
62452
837
62611
56281
51849
49770
53206
377
4626
93768
12115
51910
98983
48394
28687
320
59033
85181
98099
13849
85222
60089
30236
45029
59448
88657
44559
27599
20264
11546
25159
3294
58751
37579
23101
30727
81436
60499
96846
57971
23054
20341
75757
85452
69016
20679
16521
6450
65107
18949
97879
88719
50250
78622
65105
52696
47081
9233
92441
9209
84659
23074
79058
42833
7783
5856
32101
65725
48196
32669
18983
21218
94402
60343
90328
86446
98840
92594
84857
8952
3858
45313
27936
13441
51218
35949
26700
31794
63818
83127
46335
41954
52801
30485
24504
49418
8486
2161
43864
8887
79282
56454
36274
62973
29212
28892
36482
69921
91706
46244
37981
2904
5025
49019
29195
29769
22921
81522
4274
23971
43152
95800
49512
14960
85930
68580
3772
59437
84612
48828
79278
3662
21744
37582
7768
11374
54951
51440
46205
51952
29279
36437
36163
79018
65205
79958
61423
81019
44899
14967
89480
52174
93172
22980
14398
14729
64183
20108
40756
21566
62
53900
61519
82020
23481
47819
86161
83132
62598
4894
69709
23578
83839
22421
78175
38194
25682
75535
1365
67237
84898
99061
90135
16460
5643
34276
51966
61573
61296
10005
85987
73814
99204
95982
76689
82129
39197
457
94079
41844
78221
83723
67331
49736
55502
24629
8814
31066
75252
8026
65891
25375
67325
97734
68986
14788
90079
21799
26137
71032
44308
24631
86654
45578
72227
34115
59467
91020
61363
50805
25340
81284
59562
91076
26422
93182
34413
6410
51414
22555
78067
56947
60149
34467
66702
39047
7487
88822
32845
53763
33167
40309
98274
56009
81623
84693
45451
42629
3748
12275
76172
21675
71220
33710
17617
54894
3243
63416
87961
80769
65375
81422
26456
6415
50694
45806
26130
3184
94560
94737
81217
53111
6047
59686
75969
71064
21455
9483
96672
71017
98289
58691
44494
53872
71735
3160
63220
69019
89860
90611
72984
42111
28677
94817
18766
67508
63647
38121
738
35441
40374
99012
52480
1119
43894
48956
72596
5861
13426
85808
95494
28788
87357
69969
7833
81679
91896
23756
78623
59315
6043
24538
72975
22969
45398
7827
62185
25637
7832
97747
26146
84213
15107
99238
68001
66012
66346
18847
25492
84840
91549
29122
68654
95339
56370
55379
19289
33351
22991
43003
14083
74775
16149
58487
60292
75751
78240
88030
585
12898
22919
23810
11921
63985
12718
69911
12316
56581
92961
57448
38833
65059
11594
31517
90358
54812
42540
61440
99507
56595
8844
30094
9434
3638
71029
78202
83361
79476
6043
15047
67341
5445
52576
58391
60029
43313
39718
33240
17210
790
47605
41635
33349
5431
71099
13778
97616
55961
70523
64594
17644
69069
97092
9204
40679
14497
74917
35799
78885
71508
6305
95088
63177
45847
42606
41714
8302
57822
28938
54944
70798
49392
87850
73496
21020
60960
54402
2431
30569
97011
13058
88887
97315
33861
15455
17795
91569
22420
77322
48694
9054
4302
62702
510
58987
90456
64097
92312
98883
48187
78297
65054
51610
4547
59368
41759
4792
1982
2653
31795
97822
35531
76616
48639
47562
59979
72995
89915
50183
80058
89926
23530
23744
27133
97611
34357
23671
81765
61563
12211
71695
23126
14578
3713
87670
73426
75327
8213
3279
58400
8831
71034
66780
23282
12041
16120
18797
27846
86401
64504
30511
93760
28482
5102
47733
92844
29627
19924
76967
45777
26090
17098
82886
47383
82186
91976
40581
46833
20782
19137
473
88928
37773
76206
78974
66094
50196
14230
83773
39779
31247
18685
19037
64685
79697
50282
92905
89578
56079
15296
67286
14364
93479
91500
48299
54722
56931
27615
14603
2811
82073
41730
20449
75324
71185
67316
90399
8725
62608
34170
43532
95482
18263
26074
46320
54916
93140
26946
95453
97518
60554
52907
74539
72629
67395
68966
11915
85912
84786
5914
90738
35262
1220
25527
27072
41630
77665
30361
36841
44718
47113
78122
58364
92537
94610
40076
83576
78575
98129
37899
78091
70623
45416
4085
37971
31278
67504
37230
39323
51716
45665
65471
85814
7555
55309
88834
48707
98408
7723
44389
24211
51275
38497
26923
3768
51886
70147
2186
64262
17934
45626
69802
37260
43372
89325
68607
8992
23972
2625
68396
36168
20880
42186
59007
36562
31142
60902
30148
27921
11986
13798
33544
43879
49113
44146
32740
51400
68323
68696
75292
30656
64527
75132
67095
55331
62496
29757
89247
29014
29698
68870
74114
91612
33117
13446
49153
8701
69170
3417
64584
96193
98685
95279
44118
13004
87328
4687
36745
75043
85983
4319
1975
5438
85268
6585
30928
37820
43720
70520
91331
32275
20131
72792
85750
46794
37104
73786
29261
31018
65098
91529
85304
73625
44067
68529
46604
39865
53262
79630
11795
81552
98827
82580
87807
88274
13561
57246
43078
75586
53500
14280
47280
73679
31992
79524
59568
88276
53461
76565
69202
54454
96302
36567
49940
93639
47169
61894
62744
14196
7362
58021
30102
66818
76134
26823
9657
77399
65412
83606
14885
32046
15762
20074
66168
81622
64419
85930
6901
66514
62746
2926
86164
36184
52699
56902
92016
52695
89738
35733
17582
22513
43043
94076
55914
96720
12987
29432
48985
16199
80547
48268
61171
55376
43640
85835
8271
35828
1328
18745
49328
39305
18439
75564
40458
48696
40350
7345
57383
84989
30480
27432
16511
88454
71559
67836
63188
13090
5760
28109
50149
64785
88519
11851
99168
15722
96213
55907
24615
70177
58768
57721
98852
40249
84933
97502
56315
13878
10080
33544
65638
62167
24284
21423
47328
38105
31856
70802
78266
64659
52610
7138
3705
96590
99829
49878
72444
67403
60246
53568
21531
543
57299
83773
63074
72203
521
15856
67687
62096
11091
51373
96549
18026
66471
44209
7285
90329
25441
16586
47552
63025
78964
23658
54702
19937
22031
94675
99826
36125
56925
38548
50200
77618
19345
52120
75369
25742
65382
10604
89048
16279
69569
51332
1488
98226
62029
84377
55134
72110
76244
76552
30185
63603
88005
58929
35991
24629
851
2263
49333
31179
73598
89546
21213
64752
91556
90432
50062
22611
54577
8356
11199
999
92308
27937
39845
34997
19852
37622
88186
58872
15483
40464
15719
71584
36163
94605
26518
53528
86297
44252
37091
82655
20513
11758
44110
40781
92181
21978
62602
84185
56028