62
320
366
377
457
473
510
521
543
585
738
790
837
851
999
1119
1220
1328
1365
1488
1568
1975
1982
2161
2186
2263
2431
2625
2653
2811
2904
2926
3160
3184
3243
3279
3294
3417
3638
3662
3705
3713
3748
3768
3772
3858
4085
4274
4302
4319
4547
4626
4642
4687
4792
4894
5025
5102
5431
5438
5445
5643
5760
5856
5861
5914
6043
6043
6047
6305
6410
6415
6450
6585
6901
7138
7285
7345
7362
7487
7555
7723
7768
7783
7827
7832
7833
8026
8213
8271
8302
8356
8486
8701
8725
8814
8831
8844
8887
8952
8992
9054
9204
9209
9233
9434
9483
9657
10005
10080
10604
11091
11199
11374
11546
11594
11758
11795
11851
11915
11921
11986
12041
12115
12211
12275
12316
12718
12898
12987
13004
13058
13090
13426
13441
13446
13561
13778
13798
13849
13878
14083
14196
14230
14280
14364
14398
14497
14578
14603
14729
14788
14885
14960
14967
15047
15107
15296
15455
15483
15532
15719
15722
15762
15856
16120
16149
16199
16279
16460
16511
16521
16586
17098
17210
17582
17617
17644
17795
17934
18026
18263
18439
18446
18685
18745
18766
18797
18847
18949
18983
19037
19137
19289
19345
19852
19924
19937
20074
20108
20131
20264
20341
20449
20513
20679
20782
20880
21020
21213
21218
21423
21455
21531
21566
21675
21744
21799
21978
22031
22420
22421
22513
22555
22555
22611
22906
22919
22921
22944
22969
22980
22991
23054
23074
23101
23126
23282
23481
23530
23578
23658
23671
23744
23756
23810
23921
23971
23972
24177
24211
24284
24504
24538
24615
24629
24629
24631
25159
25340
25375
25441
25492
25527
25637
25682
25742
26074
26090
26130
26137
26146
26422
26456
26518
26700
26823
26923
26946
27051
27072
27133
27432
27599
27615
27846
27921
27936
27937
28109
28183
28482
28677
28687
28788
28892
28938
29014
29122
29195
29212
29261
29279
29432
29627
29698
29757
29769
30094
30102
30148
30185
30236
30361
30480
30485
30511
30569
30656
30727
30928
30986
31018
31066
31142
31179
31247
31278
31517
31794
31795
31856
31992
32046
32101
32275
32669
32740
32845
33117
33167
33240
33349
33351
33364
33544
33544
33710
33861
34115
34170
34276
34357
34413
34467
34997
35262
35441
35531
35733
35799
35828
35871
35949
35991
36125
36163
36163
36168
36184
36274
36437
36482
36562
36567
36745
36841
37091
37104
37230
37260
37579
37582
37622
37773
37820
37899
37971
37981
38105
38121
38151
38194
38497
38548
38833
39047
39197
39305
39323
39718
39779
39808
39845
39865
40076
40249
40309
40350
40374
40458
40464
40581
40679
40756
40781
41630
41635
41714
41730
41759
41844
41954
42111
42186
42540
42606
42629
42833
43003
43043
43078
43152
43313
43372
43532
43640
43720
43864
43879
43894
44067
44110
44118
44146
44209
44252
44308
44389
44494
44559
44718
44899
45029
45313
45398
45416
45451
45578
45626
45665
45777
45806
45847
46205
46244
46320
46335
46458
46604
46794
46833
47081
47113
47169
47280
47328
47383
47552
47562
47600
47605
47630
47733
47819
48187
48196
48268
48299
48394
48639
48694
48696
48707
48828
48956
48985
49019
49113
49153
49328
49333
49392
49418
49512
49736
49770
49878
49940
50062
50149
50183
50196
50200
50250
50282
50694
50805
51218
51275
51332
51373
51400
51414
51440
51610
51716
51849
51886
51910
51952
51966
52120
52174
52380
52480
52576
52610
52695
52696
52699
52801
52907
53111
53206
53262
53461
53500
53528
53568
53763
53872
53900
53916
54402
54425
54454
54577
54645
54702
54722
54812
54894
54916
54944
54951
55134
55309
55331
55376
55379
55502
55907
55914
55961
56009
56028
56079
56281
56315
56370
56454
56581
56595
56902
56925
56931
56947
57246
57299
57383
57448
57721
57822
57935
57971
58021
58364
58391
58400
58487
58691
58751
58768
58872
58929
58987
59007
59033
59315
59368
59437
59448
59467
59562
59568
59600
59686
59734
59979
60029
60089
60149
60246
60292
60343
60499
60554
60902
60960
61171
61296
61363
61423
61440
61519
61563
61573
61894
62029
62096
62167
62185
62452
62496
62598
62602
62608
62611
62702
62744
62746
62973
63025
63074
63177
63188
63220
63416
63603
63647
63818
63985
64097
64183
64262
64419
64504
64527
64584
64594
64659
64685
64752
64785
65054
65059
65098
65105
65107
65205
65375
65382
65412
65471
65638
65725
65891
66012
66094
66168
66346
66471
66514
66702
66780
66818
67095
67237
67286
67316
67325
67331
67341
67395
67403
67504
67508
67556
67687
67836
68001
68323
68396
68529
68580
68607
68654
68696
68870
68966
68986
69016
69019
69069
69170
69202
69569
69709
69802
69911
69914
69921
69969
70147
70177
70303
70520
70523
70623
70798
70802
71017
71029
71032
71034
71064
71099
71185
71220
71508
71559
71584
71695
71735
72110
72203
72227
72444
72596
72629
72792
72975
72984
72995
73426
73496
73598
73625
73679
73786
73814
74114
74539
74775
74917
75043
75132
75252
75292
75324
75327
75369
75535
75564
75586
75751
75757
75969
76134
76172
76206
76244
76552
76565
76616
76689
76700
76967
77322
77399
77618
77650
77665
78067
78091
78122
78175
78202
78221
78240
78266
78297
78575
78622
78623
78885
78956
78964
78974
79018
79058
79278
79282
79476
79524
79630
79697
79958
80058
80547
80769
81019
81217
81284
81422
81436
81522
81552
81622
81623
81679
81765
82020
82073
82129
82129
82186
82580
82655
82886
83127
83132
83361
83576
83606
83723
83773
83773
83839
84120
84185
84213
84377
84612
84659
84693
84786
84840
84857
84898
84933
84989
85181
85222
85268
85304
85452
85750
85808
85814
85835
85912
85930
85930
85983
85987
86161
86164
86242
86297
86401
86446
86654
87328
87357
87515
87670
87807
87850
87961
87994
88005
88030
88186
88274
88276
88454
88519
88657
88719
88822
88834
88887
88928
89048
89247
89325
89480
89546
89578
89738
89860
89915
89926
90079
90111
90135
90328
90329
90358
90399
90432
90456
90611
90738
91020
91076
91331
91500
91529
91549
91556
91569
91612
91706
91896
91976
92016
92181
92308
92312
92441
92537
92594
92844
92905
92961
93079
93140
93172
93182
93479
93639
93760
93768
93956
94076
94079
94402
94560
94605
94610
94675
94737
94817
95088
95279
95339
95453
95482
95494
95800
95982
96193
96213
96214
96302
96549
96590
96672
96720
96846
97011
97092
97315
97502
97518
97611
97616
97734
97747
97822
97879
98099
98129
98226
98274
98289
98408
98685
98827
98840
98852
98883
98983
99012
99061
99168
99204
99238
99507
99826
99829
count: 31659
Total Time: 21ms
