6
10
11
13
17
18
18
22
24
24
24
26
27
39
40
41
45
46
46
47
53
55
56
56
57
58
58
59
60
61
62
64
65
66
67
67
68
70
70
74
75
75
78
79
83
85
85
87
88
94
94
95
98
100
103
105
106
109
114
117
120
120
122
125
127
128
129
129
132
135
135
137
138
138
139
139
140
143
144
144
146
148
151
152
153
155
158
159
160
161
164
167
169
175
175
177
180
189
195
198
199
200
201
205
205
206
209
211
211
211
212
213
213
215
215
217
220
220
220
220
223
225
233
234
237
238
242
243
246
247
251
252
252
253
255
258
259
259
263
263
265
272
272
274
275
277
279
290
290
293
294
302
303
303
305
311
315
315
317
318
321
322
327
327
336
338
342
342
347
350
351
352
356
360
360
360
366
366
373
373
374
376
378
380
382
383
384
385
392
394
395
397
398
400
402
405
408
410
410
414
417
418
419
419
419
421
421
421
422
422
424
429
431
433
433
434
436
438
438
439
441
441
446
448
449
450
450
453
454
454
455
459
460
461
461
463
464
466
467
467
472
476
477
479
480
481
482
488
488
490
492
495
495
495
497
499
507
513
513
514
515
517
523
523
524
528
528
528
533
534
536
537
539
541
541
542
542
542
547
547
551
554
556
559
561
570
571
572
573
576
578
579
581
585
586
586
586
587
587
587
587
588
589
589
590
591
591
592
595
597
598
600
601
604
604
605
607
612
612
613
614
619
620
623
626
627
628
628
631
634
639
639
643
646
653
661
662
662
668
668
670
672
672
677
683
685
686
686
693
697
698
698
700
702
704
705
706
706
707
709
709
710
712
712
714
715
716
718
722
724
728
736
738
739
741
741
742
743
745
749
751
753
753
756
757
758
760
760
762
768
768
769
777
779
781
784
784
788
789
790
793
798
799
800
800
802
802
802
803
804
807
809
817
823
827
827
831
831
836
836
837
839
843
846
852
852
853
853
853
853
859
860
861
861
862
864
864
869
869
870
873
876
876
876
880
883
887
888
889
890
892
893
893
895
896
897
897
898
900
902
904
904
906
907
908
909
910
910
912
912
914
915
915
922
924
925
925
928
930
930
937
939
940
944
949
954
957
957
959
962
966
966
967
970
972
973
974
976
978
979
979
980
981
983
984
985
986
987
990
990
993
994
995
996
1005
1008
1009
1010
1010
1011
1012
1013
1015
1016
1018
1021
1022
1022
1024
1028
1029
1029
1029
1031
1031
1032
1032
1035
1036
1037
1038
1039
1044
1046
1047
1048
1048
1049
1051
1051
1052
1053
1056
1057
1057
1060
1061
1068
1069
1071
1071
1072
1075
1075
1077
1086
1086
1091
1092
1093
1094
1095
1095
1097
1097
1099
1101
1101
1102
1102
1106
1107
1109
1112
1112
1113
1114
1116
1116
1120
1120
1120
1121
1123
1123
1128
1135
1136
1137
1138
1138
1139
1139
1145
1147
1149
1152
1155
1156
1156
1156
1160
1160
1161
1161
1162
1162
1165
1166
1167
1170
1172
1174
1175
1177
1178
1178
1180
1183
1185
1185
1185
1195
1202
1202
1203
1204
1208
1208
1213
1217
1217
1217
1222
1222
1224
1225
1228
1229
1232
1232
1233
1234
1235
1235
1236
1238
1240
1240
1244
1247
1248
1251
1252
1258
1260
1262
1267
1267
1269
1272
1272
1281
1282
1282
1283
1284
1284
1286
1287
1297
1299
1299
1314
1315
1318
1323
1324
1325
1329
1330
1331
1335
1336
1337
1342
1346
1347
1347
1354
1356
1358
1361
1362
1362
1363
1369
1370
1371
1372
1376
1381
1387
1388
1389
1392
1393
1394
1398
1401
1401
1404
1408
1411
1412
1412
1413
1416
1417
1421
1425
1425
1430
1431
1433
1437
1442
1443
1454
1454
1455
1455
1455
1455
1457
1458
1459
1460
1464
1466
1466
1467
1469
1470
1471
1482
1483
1498
1502
1505
1505
1506
1509
1513
1513
1514
1514
1514
1516
1516
1517
1522
1523
1524
1524
1525
1525
1526
1527
1527
1530
1532
1536
1536
1541
1542
1543
1544
1545
1545
1545
1550
1550
1551
1551
1553
1561
1568
1569
1570
1570
1571
1572
1573
1580
1581
1581
1586
1589
1590
1595
1596
1597
1602
1610
1612
1613
1617
1617
1618
1625
1631
1632
1641
1641
1643
1645
1646
1651
1651
1652
1656
1657
1662
1664
1667
1667
1667
1674
1675
1676
1678
1680
1680
1685
1687
1687
1690
1690
1690
1691
1692
1694
1695
1695
1696
1696
1696
1696
1698
1700
1703
1706
1706
1709
1712
1712
1714
1715
1720
1722
1723
1725
1727
1730
1731
1731
1733
1734
1741
1742
1742
1746
1747
1753
1753
1754
1754
1755
1755
1758
1758
1759
1759
1763
1765
1766
1768
1769
1772
1772
1772
1773
1774
1778
1779
1780
1788
1791
1802
1802
1803
1803
1804
1804
1806
1807
1808
1809
1810
1810
1812
1817
1817
1820
1821
1822
1823
1828
1832
1834
1835
1838
1839
1846
1854
1855
1862
1866
1873
1877
1878
1879
1879
1881
1887
1891
1891
1893
1893
1896
1897
1904
1909
1910
1911
1911
1911
1912
1912
1913
1914
1915
1915
1923
1928
1930
1933
1933
1934
1935
1938
1938
1940
1941
1941
1942
1942
1943
1945
1950
1950
1950
1952
1954
1956
1959
1960
1962
1965
1969
1973
1973
1974
1975
1976
1976
1976
1977
1978
1981
1986
1989
1993
1995
1996
1998
1999
2005
2007
2018
2019
2019
2019
2021
2021
2022
2023
2024
2025
2026
2030
2030
2031
2032
2035
2035
2036
2036
2042
2042
2045
2046
2046
2047
2049
2050
2052
2052
2055
2056
2056
2057
2062
2062
2063
2065
2065
2070
2070
2071
2072
2073
2077
2079
2082
2083
2086
2090
2091
2093
2094
2103
2103
2105
2115
2123
2124
2128
2128
2130
2135
2136
2136
2138
2138
2140
2148
2152
2152
2154
2159
2161
2166
2166
2167
2168
2168
2172
2173
2174
2177
2177
2177
2178
2180
2180
2186
2187
2189
2189
2189
2192
2192
2193
2195
2201
2205
2206
2208
2210
2211
2212
2213
2214
2215
2216
2219
2220
2220
2223
2226
2227
2229
2229
2231
2236
2240
2241
2244
2245
2250
2251
2252
2253
2253
2254
2257
2265
2266
2266
2268
2271
2272
2274
2275
2275
2281
2283
2286
2291
2292
2292
2292
2296
2296
2302
2303
2307
2312
2313
2317
2319
2321
2324
2325
2327
2329
2329
2329
2329
2330
2334
2334
2336
2336
2339
2340
2341
2341
2343
2344
2346
2349
2350
2350
2351
2351
2352
2352
2356
2357
2358
2359
2359
2364
2365
2365
2366
2373
2373
2374
2375
2379
2380
2382
2386
2388
2389
2389
2395
2395
2395
2396
2398
2399
2402
2403
2404
2405
2411
2411
2411
2414
2415
2416
2416
2419
2421
2427
2427
2427
2428
2429
2440
2441
2442
2445
2446
2451
2452
2460
2460
2461
2461
2463
2467
2467
2470
2472
2476
2478
2479
2479
2479
2483
2484
2490
2494
2494
2495
2496
2500
2503
2503
2505
2505
2505
2509
2514
2515
2518
2522
2522
2523
2528
2530
2533
2533
2534
2535
2537
2537
2538
2539
2543
2543
2544
2546
2550
2550
2551
2551
2559
2561
2561
2563
2563
2563
2568
2568
2572
2578
2582
2585
2587
2594
2597
2598
2600
2600
2600
2602
2602
2602
2605
2606
2610
2612
2612
2613
2613
2617
2617
2620
2620
2624
2626
2630
2632
2634
2634
2638
2640
2641
2642
2642
2642
2643
2644
2645
2645
2645
2647
2648
2649
2653
2660
2661
2662
2665
2668
2668
2672
2673
2677
2679
2681
2681
2690
2690
2691
2692
2693
2699
2700
2701
2703
2704
2706
2711
2714
2714
2719
2722
2723
2724
2724
2737
2738
2740
2741
2742
2747
2748
2750
2751
2752
2754
2756
2759
2760
2761
2761
2762
2764
2764
2765
2767
2768
2769
2772
2773
2774
2776
2777
2778
2781
2781
2781
2782
2782
2782
2784
2785
2786
2787
2794
2794
2800
2803
2806
2806
2808
2812
2813
2817
2822
2822
2825
2830
2836
2839
2840
2841
2844
2846
2849
2852
2852
2853
2856
2856
2857
2869
2869
2872
2872
2878
2884
2886
2887
2889
2897
2898
2902
2902
2905
2907
2914
2915
2915
2923
2924
2924
2925
2925
2925
2927
2928
2929
2930
2931
2933
2934
2936
2938
2940
2942
2943
2943
2943
2947
2951
2952
2953
2954
2957
2963
2964
2964
2967
2968
2968
2968
2970
2975
2978
2978
2979
2979
2982
2984
2988
2990
2993
2994
2995
2997
3001
3003
3004
3006
3007
3009
3012
3020
3025
3031
3033
3034
3036
3038
3038
3038
3041
3043
3044
3044
3045
3046
3046
3047
3047
3050
3055
3061
3063
3065
3068
3072
3074
3077
3083
3085
3086
3088
3092
3094
3102
3102
3105
3106
3108
3108
3108
3114
3118
3120
3128
3129
3132
3133
3134
3137
3139
3141
3143
3144
3144
3145
3146
3147
3148
3149
3150
3152
3154
3155
3157
3157
3157
3162
3162
3165
3168
3172
3175
3180
3180
3181
3181
3183
3187
3187
3190
3190
3191
3192
3193
3198
3199
3205
3207
3211
3213
3213
3222
3223
3228
3228
3232
3235
3236
3237
3240
3241
3242
3246
3248
3249
3249
3251
3251
3252
3253
3254
3254
3255
3255
3257
3261
3262
3269
3269
3273
3273
3274
3274
3281
3283
3284
3284
3290
3291
3291
3291
3293
3295
3297
3297
3297
3300
3303
3303
3306
3308
3309
3310
3313
3315
3316
3317
3319
3322
3327
3328
3329
3332
3335
3336
3339
3340
3343
3344
3346
3346
3349
3352
3352
3353
3359
3359
3360
3364
3364
3365
3365
3366
3367
3370
3371
3381
3384
3385
3385
3388
3390
3391
3392
3393
3394
3395
3396
3399
3405
3406
3410
3410
3411
3411
3412
3414
3414
3416
3416
3418
3418
3419
3422
3424
3427
3427
3428
3434
3434
3437
3439
3439
3442
3442
3444
3446
3453
3454
3461
3462
3463
3463
3465
3470
3471
3471
3473
3473
3479
3479
3481
3482
3483
3484
3485
3488
3488
3490
3494
3496
3500
3501
3502
3503
3503
3504
3506
3506
3506
3506
3509
3519
3519
3524
3526
3528
3529
3529
3531
3534
3536
3536
3539
3541
3542
3547
3550
3553
3553
3553
3554
3560
3563
3568
3569
3569
3572
3573
3579
3580
3581
3581
3582
3584
3585
3586
3588
3593
3593
3593
3593
3593
3594
3595
3606
3607
3611
3612
3614
3614
3615
3615
3615
3622
3624
3624
3626
3628
3632
3632
3635
3636
3641
3642
3646
3650
3653
3654
3654
3658
3658
3658
3659
3661
3662
3663
3663
3665
3669
3675
3675
3676
3677
3678
3685
3686
3688
3688
3688
3692
3693
3704
3705
3708
3708
3709
3712
3713
3714
3718
3720
3725
3727
3730
3733
3734
3744
3744
3744
3748
3750
3751
3751
3758
3761
3761
3762
3762
3763
3773
3773
3776
3780
3782
3783
3783
3783
3788
3795
3796
3797
3798
3798
3798
3799
3802
3806
3807
3809
3810
3812
3813
3815
3818
3818
3820
3822
3822
3823
3825
3825
3827
3829
3829
3831
3834
3834
3836
3837
3838
3838
3840
3840
3841
3843
3844
3846
3850
3853
3855
3856
3858
3859
3862
3862
3863
3864
3866
3867
3868
3868
3869
3871
3873
3873
3876
3877
3880
3881
3881
3881
3888
3889
3889
3889
3892
3893
3894
3895
3895
3899
3901
3902
3902
3903
3905
3905
3906
3907
3911
3913
3914
3915
3916
3917
3918
3920
3920
3927
3929
3931
3933
3933
3934
3935
3935
3935
3935
3936
3936
3938
3938
3940
3941
3941
3944
3960
3961
3962
3962
3966
3971
3971
3972
3973
3979
3980
3984
3984
3990
3996
3997
3997
4000
4002
4004
4005
4008
4010
4011
4015
4017
4018
4019
4020
4021
4026
4028
4032
4034
4042
4044
4049
4050
4051
4051
4052
4055
4060
4061
4061
4061
4062
4064
4068
4069
4069
4070
4074
4075
4076
4076
4077
4079
4079
4082
4082
4082
4089
4089
4090
4091
4095
4096
4097
4099
4100
4100
4100
4102
4102
4105
4109
4111
4113
4113
4113
4115
4116
4116
4116
4116
4118
4118
4120
4120
4122
4122
4125
4125
4127
4128
4130
4132
4134
4135
4135
4137
4143
4143
4144
4148
4149
4153
4153
4156
4164
4166
4167
4168
4168
4173
4176
4176
4176
4178
4179
4184
4190
4191
4192
4194
4194
4195
4197
4198
4198
4199
4203
4209
4211
4215
4222
4223
4227
4232
4232
4232
4234
4235
4235
4236
4242
4243
4247
4249
4251
4251
4254
4257
4258
4262
4268
4268
4269
4276
4277
4277
4278
4285
4287
4289
4289
4290
4293
4295
4295
4296
4298
4299
4301
4303
4307
4309
4310
4312
4312
4314
4317
4320
4320
4323
4325
4332
4333
4334
4334
4337
4337
4340
4343
4347
4349
4354
4354
4356
4359
4360
4364
4367
4372
4372
4373
4374
4375
4379
4379
4385
4389
4390
4391
4393
4396
4396
4397
4401
4401
4403
4404
4405
4407
4408
4410
4416
4417
4418
4419
4421
4422
4422
4424
4427
4430
4430
4435
4435
4435
4443
4444
4445
4446
4447
4449
4453
4453
4455
4456
4458
4459
4461
4465
4467
4468
4469
4473
4473
4474
4474
4476
4481
4481
4483
4484
4488
4490
4491
4493
4497
4497
4500
4502
4506
4509
4512
4517
4518
4518
4519
4519
4521
4524
4526
4526
4527
4529
4535
4537
4541
4543
4544
4547
4550
4551
4553
4553
4563
4564
4567
4567
4569
4569
4569
4570
4571
4572
4573
4573
4574
4577
4577
4578
4580
4586
4589
4593
4594
4594
4598
4599
4602
4603
4603
4604
4604
4605
4608
4610
4612
4613
4613
4614
4620
4624
4624
4625
4626
4629
4629
4631
4633
4633
4634
4635
4635
4637
4642
4643
4645
4647
4651
4652
4653
4656
4660
4666
4669
4671
4672
4674
4675
4675
4676
4679
4679
4679
4681
4684
4685
4697
4697
4697
4697
4698
4699
4702
4702
4702
4704
4705
4708
4708
4712
4714
4715
4715
4715
4717
4718
4720
4722
4725
4732
4733
4733
4735
4735
4741
4744
4755
4755
4759
4759
4762
4764
4765
4765
4772
4772
4773
4776
4776
4776
4780
4781
4783
4786
4787
4789
4792
4796
4797
4797
4797
4798
4799
4802
4806
4811
4817
4819
4820
4821
4826
4826
4828
4829
4832
4834
4835
4839
4844
4846
4851
4854
4858
4859
4859
4861
4863
4863
4868
4871
4871
4876
4877
4879
4880
4883
4886
4886
4887
4889
4889
4890
4893
4896
4900
4908
4918
4918
4918
4920
4921
4922
4922
4924
4925
4925
4927
4927
4928
4929
4933
4933
4939
4942
4943
4944
4944
4945
4945
4946
4946
4951
4952
4954
4956
4956
4957
4957
4958
4959
4962
4965
4965
4966
4967
4969
4970
4973
4977
4978
4978
4980
4982
4983
4986
4986
4988
4990
4990
4992
4992
4994
4995
4996
4998
5000
5000
5003
5006
5008
5009
5010
5012
5012
5014
5018
5020
5022
5023
5025
5025
5028
5028
5030
5031
5035
5036
5040
5041
5042
5042
5045
5047
5049
5055
5055
5056
5056
5058
5059
5060
5062
5062
5063
5063
5071
5071
5072
5073
5077
5080
5086
5092
5092
5092
5093
5095
5098
5098
5100
5101
5108
5109
5111
5115
5116
5118
5118
5124
5124
5125
5132
5132
5133
5133
5136
5137
5137
5142
5144
5145
5145
5146
5146
5148
5148
5152
5155
5155
5157
5164
5168
5168
5168
5169
5171
5174
5178
5178
5181
5184
5191
5199
5200
5203
5204
5209
5210
5211
5212
5217
5218
5218
5219
5219
5220
5221
5225
5226
5226
5228
5233
5240
5244
5245
5245
5245
5248
5253
5257
5258
5259
5264
5264
5265
5266
5273
5276
5277
5280
5286
5286
5287
5291
5293
5294
5295
5298
5299
5313
5314
5314
5316
5316
5316
5318
5321
5326
5328
5335
5335
5336
5337
5338
5338
5339
5340
5342
5349
5351
5353
5355
5358
5362
5363
5367
5367
5368
5369
5371
5371
5375
5375
5378
5380
5401
5403
5404
5404
5406
5409
5413
5414
5419
5421
5427
5428
5428
5429
5432
5432
5432
5433
5435
5438
5441
5442
5443
5443
5444
5445
5445
5450
5451
5457
5459
5463
5464
5465
5466
5469
5469
5472
5474
5475
5479
5490
5492
5495
5495
5496
5496
5496
5497
5497
5498
5499
5508
5508
5509
5510
5512
5515
5525
5529
5533
5533
5537
5538
5541
5543
5547
5547
5551
5551
5551
5552
5554
5556
5557
5557
5559
5561
5565
5571
5571
5574
5579
5585
5588
5589
5594
5600
5603
5603
5604
5609
5611
5612
5612
5615
5615
5616
5617
5619
5620
5620
5621
5624
5628
5629
5630
5630
5631
5639
5642
5643
5643
5646
5647
5647
5651
5656
5657
5660
5662
5662
5662
5669
5669
5672
5672
5674
5674
5677
5677
5679
5680
5685
5690
5691
5693
5697
5697
5699
5700
5702
5703
5704
5706
5706
5707
5714
5714
5715
5717
5718
5723
5726
5730
5734
5734
5740
5741
5742
5748
5751
5753
5754
5754
5757
5758
5758
5760
5761
5762
5766
5768
5769
5771
5780
5784
5785
5787
5789
5792
5793
5801
5806
5806
5808
5808
5808
5810
5811
5816
5816
5816
5818
5821
5824
5824
5827
5831
5833
5833
5834
5836
5836
5842
5844
5844
5849
5852
5852
5852
5853
5855
5857
5860
5862
5866
5867
5868
5869
5874
5876
5880
5881
5883
5886
5888
5889
5892
5892
5893
5893
5893
5894
5896
5897
5898
5898
5900
5904
5905
5905
5911
5914
5914
5915
5916
5918
5921
5922
5923
5924
5924
5924
5925
5927
5927
5928
5929
5933
5934
5935
5936
5939
5939
5940
5940
5940
5942
5945
5949
5952
5953
5955
5956
5958
5964
5968
5973
5979
5981
5985
5989
5990
5995
5996
5997
6000
6001
6004
6006
6009
6011
6013
6015
6016
6017
6019
6019
6019
6020
6020
6022
6023
6023
6030
6030
6034
6036
6038
6039
6043
6043
6044
6044
6046
6046
6048
6051
6053
6054
6060
6060
6062
6065
6072
6074
6074
6076
6079
6080
6081
6084
6084
6087
6088
6088
6089
6089
6091
6093
6093
6094
6097
6106
6106
6107
6112
6113
6116
6118
6119
6119
6121
6125
6126
6127
6132
6135
6135
6135
6139
6140
6143
6143
6147
6148
6150
6154
6154
6157
6160
6161
6162
6163
6163
6164
6168
6174
6176
6180
6184
6187
6189
6190
6192
6194
6199
6205
6206
6208
6209
6213
6215
6215
6216
6220
6222
6225
6225
6229
6237
6239
6239
6240
6242
6243
6245
6246
6248
6248
6249
6254
6255
6256
6256
6256
6257
6259
6261
6261
6261
6263
6265
6265
6269
6273
6273
6275
6276
6278
6281
6282
6285
6286
6288
6288
6289
6289
6290
6292
6292
6293
6295
6295
6303
6303
6306
6306
6307
6307
6312
6312
6316
6317
6317
6319
6322
6323
6327
6328
6328
6332
6332
6332
6332
6335
6338
6341
6343
6345
6346
6346
6349
6349
6351
6358
6358
6359
6362
6364
6364
6368
6371
6373
6373
6374
6375
6378
6381
6383
6384
6385
6388
6389
6390
6391
6391
6391
6394
6397
6397
6397
6397
6403
6407
6407
6409
6410
6411
6412
6413
6413
6417
6418
6420
6420
6421
6421
6422
6424
6424
6427
6427
6432
6432
6432
6433
6440
6440
6443
6444
6445
6447
6450
6451
6451
6452
6453
6453
6456
6459
6460
6467
6469
6471
6471
6471
6475
6476
6480
6482
6482
6486
6488
6493
6494
6494
6497
6497
6500
6503
6507
6508
6514
6514
6515
6517
6520
6520
6522
6525
6527
6528
6529
6529
6532
6536
6537
6538
6538
6539
6543
6544
6544
6546
6547
6549
6549
6555
6558
6559
6567
6572
6574
6577
6579
6581
6581
6585
6586
6597
6599
6603
6604
6605
6607
6608
6612
6614
6622
6630
6630
6635
6635
6636
6636
6642
6643
6647
6648
6649
6655
6657
6657
6658
6661
6661
6662
6663
6665
6666
6666
6666
6671
6678
6680
6680
6682
6682
6682
6685
6689
6690
6692
6694
6695
6695
6696
6699
6700
6701
6704
6705
6710
6715
6722
6728
6736
6736
6739
6742
6742
6743
6746
6750
6752
6752
6753
6754
6756
6757
6761
6762
6763
6765
6766
6766
6769
6770
6771
6771
6772
6777
6779
6780
6781
6782
6783
6784
6784
6785
6786
6790
6793
6797
6798
6800
6802
6803
6804
6808
6816
6817
6820
6822
6825
6828
6829
6847
6847
6849
6849
6850
6852
6853
6855
6857
6860
6862
6863
6864
6865
6867
6867
6868
6871
6874
6874
6880
6881
6882
6886
6887
6888
6889
6893
6893
6895
6895
6899
6899
6902
6903
6903
6903
6904
6905
6905
6908
6909
6911
6913
6914
6918
6919
6921
6921
6922
6922
6926
6926
6926
6928
6928
6929
6937
6938
6938
6939
6939
6942
6945
6945
6947
6949
6951
6951
6955
6959
6965
6966
6966
6969
6969
6971
6972
6973
6974
6976
6977
6978
6979
6980
6990
6992
6997
6998
6999
7002
7002
7004
7010
7012
7012
7013
7014
7017
7019
7022
7023
7025
7026
7041
7042
7043
7046
7047
7047
7052
7054
7054
7055
7057
7058
7059
7061
7064
7066
7067
7068
7068
7072
7072
7073
7073
7074
7075
7078
7081
7090
7090
7090
7092
7094
7095
7099
7099
7102
7102
7103
7103
7104
7107
7107
7111
7112
7113
7116
7119
7131
7136
7138
7138
7143
7143
7146
7146
7147
7148
7153
7155
7157
7160
7161
7164
7165
7168
7169
7170
7171
7173
7175
7179
7180
7181
7188
7192
7198
7202
7205
7207
7208
7209
7210
7211
7212
7212
7216
7219
7220
7220
7221
7222
7222
7224
7225
7225
7227
7227
7229
7233
7233
7235
7239
7245
7245
7249
7249
7249
7249
7250
7253
7254
7254
7255
7256
7261
7261
7262
7266
7267
7268
7268
7269
7269
7269
7272
7274
7279
7280
7281
7283
7284
7285
7285
7287
7293
7293
7296
7296
7300
7303
7313
7315
7315
7324
7326
7327
7327
7331
7335
7335
7361
7361
7362
7366
7367
7368
7371
7371
7371
7371
7374
7374
7375
7376
7377
7377
7378
7379
7379
7390
7391
7393
7398
7398
7399
7400
7406
7408
7409
7410
7410
7413
7415
7416
7428
7431
7433
7434
7437
7438
7444
7452
7455
7455
7456
7456
7459
7460
7460
7463
7465
7465
7474
7477
7477
7482
7482
7486
7487
7488
7489
7489
7489
7490
7490
7495
7495
7495
7496
7500
7500
7501
7501
7502
7503
7503
7504
7507
7510
7511
7511
7513
7524
7525
7526
7531
7536
7537
7540
7541
7545
7546
7547
7549
7550
7551
7553
7554
7557
7558
7562
7568
7569
7570
7571
7572
7572
7574
7574
7577
7580
7581
7582
7583
7585
7588
7589
7592
7595
7597
7598
7609
7613
7614
7617
7617
7618
7620
7621
7624
7624
7625
7628
7629
7630
7632
7632
7634
7634
7637
7637
7639
7648
7649
7655
7655
7658
7659
7662
7667
7669
7670
7675
7676
7676
7677
7677
7679
7680
7680
7681
7683
7684
7686
7686
7688
7690
7692
7692
7692
7693
7693
7694
7694
7696
7698
7706
7715
7716
7718
7719
7719
7720
7721
7723
7723
7731
7732
7733
7733
7733
7734
7734
7743
7744
7745
7746
7747
7747
7751
7759
7761
7763
7763
7765
7767
7770
7770
7777
7778
7778
7778
7779
7779
7779
7780
7780
7783
7785
7786
7786
7789
7792
7794
7794
7795
7799
7800
7801
7803
7808
7808
7809
7811
7817
7820
7823
7825
7827
7830
7833
7835
7836
7836
7838
7840
7842
7844
7844
7847
7851
7851
7853
7854
7861
7863
7866
7866
7867
7869
7869
7872
7872
7873
7875
7875
7876
7876
7876
7877
7878
7879
7879
7880
7880
7881
7882
7882
7886
7886
7887
7887
7893
7897
7898
7900
7901
7902
7905
7910
7911
7914
7914
7915
7915
7922
7923
7924
7926
7927
7928
7928
7929
7936
7939
7940
7941
7941
7945
7947
7947
7949
7951
7958
7960
7960
7960
7961
7963
7964
7969
7970
7970
7973
7974
7977
7978
7980
7980
7981
7982
7985
7992
7993
7995
7998
8001
8002
8004
8005
8006
8014
8017
8017
8018
8018
8020
8020
8021
8021
8027
8028
8028
8028
8032
8033
8033
8035
8035
8041
8041
8042
8046
8049
8050
8050
8053
8054
8057
8058
8058
8059
8062
8063
8063
8066
8066
8068
8069
8070
8072
8073
8074
8075
8076
8076
8077
8083
8084
8085
8085
8089
8089
8092
8093
8093
8094
8096
8098
8100
8101
8109
8110
8113
8114
8116
8118
8121
8121
8121
8123
8125
8125
8126
8130
8142
8144
8147
8147
8149
8151
8161
8164
8164
8168
8170
8170
8171
8172
8177
8178
8181
8182
8183
8184
8184
8185
8186
8189
8191
8193
8194
8194
8195
8196
8200
8200
8206
8207
8210
8210
8211
8212
8213
8215
8216
8216
8219
8219
8220
8228
8230
8230
8231
8232
8234
8235
8236
8237
8241
8244
8244
8250
8254
8256
8256
8260
8261
8263
8263
8268
8270
8273
8275
8278
8281
8281
8283
8290
8290
8292
8293
8295
8300
8300
8301
8302
8309
8311
8312
8317
8320
8321
8327
8328
8336
8342
8342
8344
8345
8346
8347
8347
8350
8350
8353
8356
8358
8360
8364
8365
8368
8370
8372
8375
8375
8377
8380
8381
8382
8384
8385
8386
8387
8389
8393
8394
8398
8399
8400
8401
8401
8402
8403
8403
8404
8404
8406
8406
8406
8410
8410
8411
8412
8416
8418
8419
8420
8426
8428
8429
8430
8431
8433
8434
8437
8440
8444
8447
8448
8448
8454
8455
8456
8459
8462
8464
8466
8466
8469
8477
8477
8481
8482
8484
8489
8489
8490
8492
8492
8495
8496
8498
8499
8502
8502
8504
8510
8510
8512
8513
8515
8520
8524
8525
8529
8535
8537
8538
8539
8540
8541
8541
8541
8544
8546
8547
8548
8550
8553
8554
8554
8554
8556
8557
8564
8567
8568
8569
8574
8578
8581
8585
8586
8589
8597
8597
8602
8604
8604
8604
8606
8610
8611
8613
8619
8623
8624
8625
8628
8629
8631
8631
8632
8633
8634
8634
8634
8635
8637
8638
8640
8643
8644
8644
8645
8649
8650
8650
8651
8651
8653
8653
8653
8654
8656
8656
8656
8658
8658
8663
8663
8665
8666
8666
8667
8667
8668
8669
8671
8672
8673
8680
8681
8683
8684
8685
8686
8690
8691
8696
8697
8700
8701
8702
8702
8703
8705
8706
8709
8715
8715
8720
8721
8724
8726
8730
8734
8736
8737
8740
8740
8743
8746
8746
8747
8750
8752
8752
8753
8753
8754
8755
8755
8756
8758
8764
8773
8775
8776
8778
8780
8780
8783
8783
8784
8788
8788
8788
8791
8794
8796
8799
8799
8799
8799
8802
8805
8809
8811
8813
8817
8818
8819
8821
8821
8823
8829
8831
8832
8832
8832
8833
8834
8837
8840
8843
8844
8847
8848
8849
8852
8853
8854
8870
8871
8873
8875
8877
8882
8886
8888
8890
8891
8893
8896
8897
8897
8898
8899
8903
8904
8905
8906
8907
8907
8909
8910
8919
8919
8921
8927
8931
8937
8938
8941
8944
8949
8954
8954
8955
8959
8968
8970
8971
8972
8972
8972
8972
8973
8977
8978
8980
8980
8981
8981
8985
8986
8992
8992
8994
8996
9002
9005
9005
9007
9007
9007
9012
9014
9014
9014
9022
9023
9025
9029
9033
9038
9038
9039
9039
9040
9041
9042
9048
9051
9051
9054
9058
9059
9061
9062
9064
9064
9066
9067
9067
9072
9074
9076
9077
9077
9078
9079
9082
9083
9086
9089
9089
9092
9093
9094
9095
9096
9098
9099
9099
9100
9103
9113
9114
9118
9121
9122
9124
9125
9130
9130
9131
9134
9136
9136
9137
9137
9139
9139
9140
9140
9141
9141
9141
9144
9145
9146
9147
9160
9160
9163
9164
9168
9170
9174
9175
9175
9178
9180
9184
9188
9189
9189
9191
9198
9199
9201
9203
9204
9204
9208
9210
9210
9210
9212
9214
9216
9217
9219
9220
9224
9224
9225
9226
9228
9230
9231
9237
9245
9247
9248
9248
9250
9251
9252
9255
9255
9258
9258
9259
9259
9261
9263
9267
9269
9269
9270
9275
9276
9278
9283
9283
9284
9286
9287
9293
9294
9295
9297
9299
9300
9307
9309
9311
9311
9313
9319
9323
9325
9326
9326
9328
9330
9332
9333
9334
9335
9336
9341
9342
9343
9346
9348
9351
9351
9354
9355
9358
9358
9359
9359
9360
9363
9365
9367
9372
9373
9375
9376
9380
9384
9385
9389
9389
9393
9395
9396
9397
9398
9399
9399
9400
9409
9415
9424
9424
9428
9428
9428
9430
9431
9431
9436
9442
9444
9445
9447
9450
9450
9457
9459
9463
9464
9465
9468
9470
9471
9471
9474
9478
9481
9482
9489
9490
9493
9494
9495
9497
9498
9499
9500
9501
9503
9504
9506
9507
9508
9510
9512
9513
9514
9516
9518
9525
9526
9527
9528
9531
9531
9540
9541
9547
9548
9548
9550
9550
9550
9553
9554
9554
9556
9556
9556
9563
9568
9572
9573
9573
9577
9577
9579
9581
9585
9590
9592
9594
9594
9594
9598
9599
9601
9602
9605
9605
9606
9608
9610
9611
9612
9614
9614
9614
9615
9615
9615
9617
9618
9619
9620
9621
9624
9629
9634
9636
9642
9642
9653
9653
9655
9656
9658
9659
9660
9666
9666
9667
9668
9670
9670
9671
9672
9672
9673
9676
9682
9682
9687
9692
9693
9698
9700
9702
9703
9705
9706
9706
9707
9707
9709
9710
9719
9721
9723
9723
9730
9733
9740
9740
9741
9741
9741
9743
9747
9749
9749
9750
9750
9755
9761
9762
9763
9763
9766
9766
9768
9773
9773
9774
9777
9778
9780
9782
9783
9784
9786
9786
9789
9791
9794
9796
9796
9798
9802
9803
9803
9803
9805
9809
9813
9813
9813
9815
9818
9819
9822
9823
9825
9830
9832
9832
9833
9834
9837
9838
9840
9842
9843
9843
9844
9849
9850
9851
9851
9851
9856
9873
9876
9878
9880
9883
9884
9886
9886
9892
9895
9896
9897
9901
9905
9907
9912
9912
9912
9912
9913
9918
9925
9926
9926
9927
9928
9929
9929
9930
9932
9936
9938
9940
9940
9943
9943
9944
9944
9954
9955
9957
9959
9960
9964
9965
9968
9970
9970
9971
9979
9979
9981
9982
9983
9984
9984
9984
9984
9987
9987
9991
9993
9995
9995
9996
9997
9997
9998
9999
9999
10001
10002
10002
10005
10006
10010
10015
10015
10016
10020
10021
10025
10026
10026
10028
10029
10030
10030
10030
10035
10037
10037
10037
10038
10039
10041
10046
10048
10050
10050
10056
10057
10057
10059
10061
10061
10063
10063
10064
10064
10072
10072
10074
10083
10084
10085
10090
10096
10099
10101
10102
10103
10104
10106
10107
10107
10112
10114
10115
10119
10120
10124
10125
10129
10131
10133
10136
10138
10139
10141
10143
10144
10147
10147
10148
10149
10151
10153
10158
10162
10162
10163
10166
10167
10167
10170
10170
10172
10172
10174
10174
10175
10177
10177
10177
10178
10179
10179
10179
10182
10183
10183
10188
10188
10189
10190
10192
10194
10195
10195
10199
10201
10201
10207
10211
10215
10216
10217
10219
10221
10224
10226
10229
10229
10231
10232
10234
10237
10237
10240
10241
10244
10244
10245
10246
10247
10247
10250
10250
10251
10257
10257
10257
10258
10264
10267
10267
10270
10274
10276
10280
10281
10281
10282
10283
10283
10283
10284
10288
10290
10293
10293
10295
10295
10295
10299
10304
10304
10304
10316
10317
10318
10320
10321
10323
10324
10324
10325
10326
10329
10331
10335
10336
10338
10338
10340
10342
10344
10349
10351
10352
10361
10363
10363
10365
10366
10370
10371
10371
10371
10372
10374
10376
10378
10380
10384
10388
10390
10390
10391
10392
10392
10397
10401
10401
10401
10402
10405
10409
10410
10417
10418
10419
10421
10426
10430
10434
10437
10437
10440
10443
10444
10448
10450
10452
10456
10459
10463
10463
10463
10464
10471
10472
10474
10476
10476
10479
10479
10481
10484
10486
10488
10489
10493
10495
10496
10497
10498
10498
10499
10499
10499
10502
10508
10508
10509
10510
10514
10522
10523
10524
10525
10531
10531
10532
10534
10539
10541
10545
10548
10548
10550
10550
10554
10555
10557
10564
10564
10565
10567
10568
10577
10578
10588
10588
10590
10590
10591
10591
10592
10598
10598
10606
10609
10610
10611
10614
10615
10621
10623
10627
10629
10634
10635
10637
10640
10641
10641
10641
10643
10645
10648
10654
10656
10658
10665
10666
10666
10668
10672
10672
10673
10674
10676
10678
10683
10685
10688
10692
10693
10697
10697
10700
10700
10700
10706
10706
10708
10708
10711
10711
10712
10713
10714
10715
10716
10719
10722
10723
10724
10729
10732
10739
10739
10744
10748
10753
10754
10754
10758
10761
10763
10763
10766
10768
10769
10771
10778
10779
10780
10781
10782
10783
10784
10784
10786
10788
10788
10789
10790
10793
10794
10796
10797
10797
10802
10802
10804
10807
10807
10808
10813
10814
10817
10817
10820
10821
10822
10826
10826
10827
10829
10829
10836
10839
10845
10845
10846
10846
10847
10849
10850
10854
10854
10856
10858
10862
10862
10864
10870
10871
10872
10874
10876
10877
10877
10878
10878
10880
10885
10886
10891
10892
10893
10894
10898
10900
10902
10905
10908
10909
10909
10912
10915
10916
10926
10928
10928
10929
10930
10934
10936
10941
10942
10943
10946
10948
10949
10949
10953
10954
10954
10964
10965
10967
10967
10969
10970
10975
10980
10982
10983
10988
10993
10995
10995
10996
10997
11003
11005
11008
11012
11017
11018
11021
11024
11028
11028
11031
11033
11035
11038
11043
11048
11048
11048
11050
11054
11058
11066
11066
11067
11067
11067
11068
11069
11071
11072
11072
11073
11080
11084
11087
11087
11091
11092
11093
11094
11094
11094
11094
11098
11104
11105
11117
11119
11120
11127
11133
11133
11137
11139
11139
11140
11142
11150
11152
11158
11158
11158
11159
11164
11164
11165
11169
11175
11176
11178
11179
11179
11181
11183
11184
11188
11191
11191
11193
11193
11193
11196
11197
11197
11203
11204
11206
11206
11206
11209
11210
11212
11215
11215
11218
11218
11220
11221
11223
11223
11223
11230
11230
11231
11238
11240
11247
11250
11254
11255
11262
11264
11267
11268
11272
11273
11273
11281
11284
11286
11288
11289
11289
11290
11291
11293
11293
11297
11297
11297
11298
11298
11300
11302
11304
11304
11305
11308
11312
11313
11314
11319
11323
11323
11326
11327
11336
11337
11340
11343
11344
11345
11346
11349
11350
11352
11358
11364
11365
11365
11366
11367
11370
11371
11371
11378
11379
11381
11382
11382
11383
11385
11386
11386
11389
11391
11393
11393
11395
11397
11397
11397
11398
11399
11399
11400
11405
11408
11413
11415
11415
11418
11423
11426
11429
11430
11431
11432
11436
11436
11438
11440
11443
11445
11446
11447
11450
11451
11452
11453
11456
11457
11461
11464
11467
11467
11468
11468
11469
11471
11472
11472
11474
11476
11485
11486
11486
11487
11488
11488
11490
11491
11491
11494
11497
11498
11504
11505
11507
11510
11516
11519
11520
11520
11520
11524
11526
11527
11527
11535
11536
11536
11543
11544
11556
11558
11558
11558
11558
11559
11560
11562
11563
11566
11567
11569
11571
11575
11578
11584
11586
11586
11588
11589
11592
11598
11605
11605
11609
11611
11614
11614
11615
11617
11619
11619
11622
11625
11626
11628
11630
11631
11631
11633
11635
11639
11640
11641
11646
11646
11647
11652
11653
11656
11660
11662
11662
11664
11670
11671
11672
11674
11674
11677
11678
11679
11679
11680
11681
11682
11683
11684
11688
11691
11693
11698
11700
11700
11700
11701
11704
11706
11709
11712
11712
11716
11723
11727
11728
11728
11731
11737
11737
11738
11738
11748
11750
11750
11752
11752
11756
11756
11757
11761
11762
11762
11762
11763
11763
11763
11764
11765
11766
11774
11774
11774
11775
11776
11776
11780
11780
11781
11783
11786
11790
11793
11797
11798
11799
11800
11800
11802
11802
11811
11812
11812
11816
11819
11819
11820
11822
11832
11834
11837
11840
11841
11848
11852
11853
11861
11862
11866
11866
11867
11867
11868
11870
11870
11878
11882
11882
11883
11884
11884
11885
11887
11888
11890
11893
11894
11894
11895
11895
11904
11904
11905
11907
11914
11915
11917
11917
11923
11924
11925
11927
11927
11929
11930
11931
11934
11934
11935
11937
11937
11938
11940
11942
11958
11958
11961
11963
11967
11969
11973
11974
11974
11975
11976
11977
11982
11986
11990
11995
11998
11999
12001
12003
12004
12004
12009
12012
12012
12014
12014
12018
12019
12020
12021
12025
12026
12030
12031
12032
12037
12038
12039
12040
12040
12040
12040
12041
12043
12044
12045
12051
12052
12053
12053
12061
12061
12063
12067
12069
12069
12070
12072
12077
12078
12079
12080
12090
12091
12092
12093
12096
12097
12100
12102
12109
12110
12110
12117
12117
12119
12121
12122
12123
12124
12134
12138
12140
12140
12143
12143
12143
12146
12147
12148
12151
12152
12156
12157
12159
12160
12164
12164
12168
12169
12172
12173
12177
12181
12181
12185
12185
12187
12188
12191
12191
12192
12195
12196
12199
12200
12202
12202
12203
12203
12204
12208
12212
12214
12214
12215
12217
12218
12219
12219
12219
12220
12220
12222
12226
12229
12230
12232
12233
12234
12236
12237
12237
12238
12239
12240
12245
12246
12246
12246
12246
12251
12251
12252
12252
12252
12252
12254
12257
12262
12263
12264
12269
12272
12273
12275
12276
12276
12277
12279
12280
12282
12289
12291
12291
12292
12294
12294
12295
12300
12305
12306
12310
12311
12312
12313
12313
12314
12317
12326
12326
12326
12327
12334
12334
12337
12340
12340
12342
12343
12345
12346
12348
12349
12349
12350
12350
12350
12352
12353
12353
12356
12359
12361
12365
12365
12366
12368
12369
12369
12373
12374
12377
12378
12378
12382
12382
12395
12397
12399
12399
12399
12403
12404
12404
12409
12411
12415
12417
12417
12418
12423
12423
12424
12425
12430
12433
12434
12434
12437
12437
12438
12438
12440
12440
12445
12445
12446
12447
12449
12452
12457
12462
12463
12463
12463
12464
12468
12479
12479
12481
12482
12484
12486
12487
12488
12489
12489
12491
12493
12498
12500
12501
12501
12503
12504
12505
12508
12510
12512
12513
12516
12517
12517
12518
12518
12518
12522
12528
12529
12531
12531
12532
12533
12533
12535
12537
12541
12547
12548
12549
12549
12550
12557
12562
12562
12565
12566
12567
12568
12569
12570
12570
12578
12580
12580
12581
12588
12589
12591
12596
12598
12599
12603
12603
12604
12604
12610
12610
12612
12612
12619
12621
12622
12625
12633
12634
12635
12636
12637
12639
12640
12641
12642
12643
12645
12645
12654
12659
12660
12662
12663
12666
12668
12669
12669
12672
12675
12676
12683
12683
12684
12691
12694
12696
12699
12701
12702
12702
12707
12710
12712
12714
12714
12715
12716
12717
12720
12722
12722
12724
12725
12726
12728
12730
12731
12732
12734
12734
12735
12742
12744
12745
12749
12751
12758
12761
12764
12764
12769
12771
12773
12776
12777
12777
12781
12785
12789
12789
12791
12791
12795
12796
12796
12797
12799
12806
12807
12810
12811
12817
12820
12820
12826
12829
12831
12836
12839
12841
12841
12842
12842
12842
12843
12847
12848
12849
12851
12851
12852
12852
12856
12858
12862
12863
12864
12865
12865
12866
12866
12875
12879
12884
12884
12887
12891
12893
12895
12896
12901
12901
12906
12911
12911
12915
12916
12918
12923
12927
12928
12930
12930
12940
12945
12945
12947
12949
12950
12951
12953
12954
12955
12958
12958
12959
12959
12959
12959
12965
12970
12972
12973
12974
12974
12978
12979
12981
12982
12982
12983
12983
12989
12993
12993
12994
12995
12996
12996
12997
12998
12998
12998
12999
13002
13007
13007
13008
13013
13014
13015
13017
13019
13021
13022
13023
13025
13026
13026
13032
13034
13035
13035
13037
13039
13039
13039
13040
13041
13042
13046
13049
13052
13052
13057
13058
13061
13062
13063
13065
13066
13069
13071
13074
13080
13080
13081
13082
13088
13094
13101
13102
13103
13104
13105
13107
13108
13108
13109
13111
13111
13113
13116
13116
13120
13120
13124
13125
13126
13131
13139
13139
13141
13142
13143
13144
13146
13147
13151
13151
13152
13155
13157
13160
13161
13162
13162
13162
13164
13165
13165
13169
13171
13174
13174
13176
13177
13182
13183
13187
13188
13189
13190
13190
13191
13193
13193
13193
13194
13194
13195
13196
13196
13197
13200
13201
13204
13205
13205
13207
13207
13208
13209
13211
13211
13213
13219
13221
13222
13223
13224
13224
13227
13229
13229
13233
13237
13238
13240
13243
13244
13244
13247
13248
13250
13251
13252
13253
13255
13264
13266
13267
13268
13270
13275
13278
13281
13286
13287
13288
13290
13294
13298
13302
13305
13308
13308
13309
13309
13309
13313
13316
13317
13320
13321
13321
13325
13327
13330
13332
13332
13333
13333
13334
13339
13340
13343
13344
13349
13349
13351
13352
13353
13357
13357
13358
13358
13362
13363
13365
13366
13366
13366
13367
13368
13369
13369
13371
13373
13374
13377
13382
13385
13388
13389
13390
13395
13397
13403
13403
13404
13404
13404
13405
13409
13410
13414
13420
13420
13421
13421
13422
13426
13427
13428
13428
13439
13439
13441
13442
13443
13445
13450
13451
13456
13458
13460
13462
13463
13464
13467
13468
13470
13471
13472
13472
13475
13477
13478
13480
13482
13486
13489
13491
13491
13500
13500
13503
13506
13508
13510
13514
13517
13517
13517
13520
13522
13529
13529
13530
13532
13534
13534
13536
13537
13538
13551
13553
13556
13557
13558
13559
13559
13561
13565
13568
13569
13572
13572
13575
13576
13577
13577
13578
13583
13584
13584
13585
13587
13590
13590
13592
13593
13593
13595
13595
13596
13601
13602
13608
13611
13612
13612
13613
13615
13618
13619
13622
13622
13623
13625
13627
13627
13631
13638
13638
13640
13644
13646
13648
13648
13649
13650
13651
13651
13652
13652
13658
13658
13660
13662
13662
13663
13666
13667
13668
13672
13676
13676
13680
13681
13684
13686
13692
13692
13693
13698
13699
13703
13705
13706
13707
13707
13708
13711
13715
13716
13717
13717
13719
13721
13721
13723
13724
13725
13728
13729
13731
13731
13732
13737
13737
13738
13743
13745
13746
13747
13747
13748
13751
13755
13756
13756
13756
13759
13759
13761
13763
13764
13765
13766
13766
13768
13769
13769
13774
13777
13778
13781
13782
13782
13785
13786
13786
13788
13794
13796
13798
13798
13798
13802
13803
13803
13804
13805
13807
13809
13810
13812
13815
13816
13817
13823
13824
13824
13825
13827
13831
13839
13842
13842
13843
13845
13846
13851
13852
13852
13860
13862
13871
13873
13874
13881
13883
13883
13883
13887
13898
13899
13901
13901
13904
13904
13904
13910
13910
13912
13914
13914
13914
13920
13924
13925
13926
13926
13932
13933
13933
13934
13935
13935
13936
13940
13942
13951
13951
13951
13958
13960
13966
13966
13967
13967
13971
13971
13974
13977
13978
13979
13979
13982
13982
13984
13987
13987
13989
13989
13989
13994
13994
13994
13996
13997
14001
14002
14005
14009
14011
14014
14018
14019
14021
14022
14026
14027
14028
14028
14028
14029
14029
14033
14033
14037
14037
14039
14040
14040
14047
14048
14048
14050
14053
14053
14056
14056
14057
14058
14061
14061
14064
14067
14068
14069
14069
14070
14071
14075
14075
14075
14075
14076
14085
14085
14087
14089
14089
14091
14096
14098
14100
14100
14101
14102
14102
14106
14107
14108
14110
14113
14115
14119
14119
14122
14129
14130
14133
14136
14140
14141
14141
14142
14145
14147
14155
14155
14157
14159
14167
14167
14175
14176
14178
14179
14181
14185
14196
14197
14197
14199
14200
14203
14206
14211
14212
14213
14213
14213
14217
14217
14223
14229
14230
14231
14232
14232
14235
14236
14245
14248
14250
14253
14254
14255
14257
14257
14263
14264
14266
14271
14275
14277
14278
14278
14281
14283
14286
14286
14288
14290
14290
14296
14297
14298
14300
14300
14301
14301
14303
14304
14307
14307
14307
14311
14312
14312
14313
14313
14314
14318
14320
14321
14323
14325
14326
14328
14330
14331
14339
14341
14345
14345
14346
14347
14348
14349
14352
14354
14354
14354
14356
14357
14357
14357
14360
14364
14366
14367
14370
14370
14371
14374
14377
14378
14379
14379
14382
14388
14390
14392
14395
14395
14397
14398
14400
14400
14402
14404
14404
14409
14410
14411
14412
14412
14413
14417
14417
14421
14427
14428
14429
14434
14434
14439
14440
14443
14444
14447
14447
14450
14451
14453
14454
14456
14461
14462
14464
14473
14475
14480
14485
14486
14486
14494
14496
14497
14498
14501
14501
14502
14503
14503
14507
14509
14509
14510
14512
14512
14516
14518
14519
14524
14526
14529
14531
14536
14542
14543
14544
14547
14548
14550
14552
14552
14555
14557
14558
14559
14560
14562
14563
14564
14564
14566
14567
14568
14569
14570
14571
14572
14573
14580
14581
14583
14583
14584
14584
14588
14588
14591
14592
14592
14599
14602
14603
14604
14605
14609
14611
14615
14616
14616
14618
14618
14621
14626
14631
14637
14638
14640
14647
14648
14649
14649
14650
14651
14654
14654
14656
14656
14657
14659
14659
14662
14665
14669
14672
14672
14676
14677
14679
14679
14680
14681
14683
14686
14687
14687
14688
14689
14690
14694
14695
14696
14699
14701
14703
14704
14711
14716
14724
14728
14730
14732
14732
14733
14734
14741
14745
14746
14747
14748
14749
14752
14753
14754
14755
14756
14760
14760
14762
14779
14779
14780
14780
14781
14794
14802
14804
14807
14809
14810
14814
14816
14819
14820
14821
14823
14828
14834
14837
14839
14839
14843
14844
14844
14845
14848
14849
14854
14856
14856
14857
14859
14860
14865
14867
14869
14870
14871
14873
14873
14876
14883
14885
14888
14889
14893
14898
14899
14903
14904
14910
14911
14912
14916
14916
14916
14916
14917
14918
14919
14921
14924
14927
14928
14931
14931
14933
14935
14937
14939
14942
14942
14944
14945
14945
14947
14949
14950
14953
14956
14959
14960
14960
14963
14966
14969
14972
14972
14976
14978
14978
14978
14979
14982
14986
14987
14987
14987
14991
14992
14993
14995
14997
15000
15001
15004
15006
15010
15013
15014
15015
15015
15016
15017
15021
15023
15025
15030
15030
15031
15035
15035
15037
15040
15040
15040
15044
15044
15044
15049
15050
15053
15055
15059
15063
15064
15066
15070
15079
15079
15079
15083
15090
15090
15092
15099
15100
15101
15107
15108
15117
15117
15117
15118
15119
15120
15122
15126
15126
15130
15130
15132
15133
15135
15137
15141
15144
15145
15145
15148
15153
15154
15156
15163
15164
15166
15166
15168
15169
15170
15173
15174
15174
15180
15181
15182
15182
15183
15186
15189
15189
15191
15193
15193
15194
15195
15196
15199
15200
15202
15204
15205
15205
15205
15206
15209
15210
15214
15215
15216
15217
15218
15219
15219
15223
15224
15225
15227
15230
15230
15231
15231
15234
15239
15241
15242
15245
15250
15250
15251
15252
15256
15256
15257
15257
15259
15260
15260
15260
15270
15270
15271
15275
15277
15278
15281
15281
15286
15289
15290
15291
15298
15298
15300
15302
15304
15308
15309
15310
15310
15310
15318
15321
15324
15327
15328
15330
15332
15333
15335
15336
15337
15337
15338
15339
15345
15349
15349
15351
15353
15354
15355
15356
15359
15360
15365
15365
15368
15370
15374
15375
15387
15388
15394
15395
15396
15396
15396
15397
15397
15398
15401
15402
15404
15404
15410
15412
15412
15412
15414
15415
15418
15419
15422
15425
15430
15431
15432
15434
15437
15440
15441
15442
15445
15446
15449
15451
15451
15451
15453
15453
15455
15455
15458
15458
15459
15462
15465
15466
15467
15468
15469
15477
15477
15480
15485
15485
15485
15487
15488
15492
15496
15498
15504
15509
15511
15511
15512
15518
15518
15519
15522
15522
15522
15527
15530
15534
15536
15537
15548
15550
15552
15554
15554
15559
15559
15561
15562
15565
15567
15567
15568
15569
15578
15579
15579
15581
15582
15584
15585
15586
15587
15589
15592
15595
15596
15597
15598
15599
15604
15606
15608
15609
15610
15611
15612
15614
15617
15617
15618
15618
15618
15621
15623
15625
15627
15628
15629
15631
15633
15634
15635
15635
15637
15639
15644
15646
15647
15650
15652
15653
15653
15655
15657
15661
15662
15664
15666
15666
15670
15670
15673
15673
15674
15678
15679
15682
15683
15685
15686
15687
15689
15690
15698
15705
15705
15707
15707
15709
15709
15710
15711
15712
15714
15715
15724
15725
15727
15729
15730
15733
15738
15741
15742
15744
15748
15750
15750
15755
15755
15757
15758
15759
15760
15761
15762
15766
15767
15768
15768
15772
15772
15772
15773
15773
15776
15779
15779
15783
15783
15785
15786
15788
15790
15792
15793
15794
15799
15804
15806
15809
15810
15812
15812
15819
15821
15821
15823
15823
15823
15826
15827
15830
15831
15832
15832
15839
15841
15843
15847
15848
15848
15850
15856
15858
15866
15867
15867
15868
15872
15873
15876
15877
15878
15879
15879
15886
15886
15894
15895
15901
15902
15908
15910
15911
15913
15915
15915
15916
15918
15919
15925
15931
15931
15931
15932
15938
15941
15942
15942
15945
15946
15947
15948
15949
15949
15951
15958
15960
15962
15964
15964
15967
15967
15971
15972
15973
15973
15974
15976
15976
15976
15978
15981
15982
15983
15986
15988
15989
15996
15997
15999
16000
16001
16003
16003
16006
16008
16008
16010
16011
16014
16015
16016
16017
16017
16017
16019
16020
16021
16026
16028
16029
16029
16031
16033
16035
16035
16038
16041
16043
16043
16044
16045
16048
16054
16056
16058
16063
16065
16066
16070
16072
16074
16080
16080
16084
16089
16090
16093
16097
16097
16098
16100
16100
16104
16105
16107
16108
16110
16116
16117
16118
16119
16128
16138
16138
16141
16143
16146
16149
16152
16156
16157
16158
16160
16161
16162
16162
16165
16169
16172
16173
16177
16178
16181
16182
16185
16191
16191
16192
16194
16198
16198
16207
16208
16209
16210
16211
16211
16211
16214
16214
16217
16223
16224
16227
16230
16231
16238
16242
16244
16245
16247
16248
16249
16254
16255
16256
16257
16260
16260
16262
16270
16272
16272
16274
16275
16277
16280
16280
16283
16285
16288
16289
16289
16291
16293
16294
16296
16298
16299
16300
16303
16306
16307
16310
16316
16316
16318
16318
16319
16319
16320
16322
16323
16324
16326
16328
16331
16336
16337
16338
16340
16342
16344
16347
16348
16350
16355
16362
16365
16365
16369
16369
16370
16370
16371
16377
16379
16379
16380
16385
16386
16388
16389
16390
16394
16400
16402
16406
16410
16411
16413
16414
16415
16416
16418
16418
16419
16419
16420
16421
16422
16423
16424
16425
16427
16429
16429
16431
16431
16431
16432
16433
16436
16445
16447
16449
16450
16453
16454
16459
16460
16460
16464
16467
16471
16471
16473
16474
16475
16478
16481
16482
16483
16483
16486
16488
16488
16489
16489
16494
16496
16501
16502
16503
16503
16505
16507
16507
16509
16511
16514
16515
16517
16520
16521
16521
16523
16523
16523
16527
16528
16529
16529
16531
16531
16532
16541
16545
16547
16552
16553
16558
16558
16559
16560
16560
16563
16565
16567
16569
16570
16571
16571
16575
16576
16576
16576
16579
16582
16584
16584
16586
16589
16593
16594
16602
16606
16611
16612
16617
16622
16623
16624
16625
16628
16628
16629
16630
16630
16632
16635
16642
16651
16653
16654
16657
16657
16660
16660
16662
16664
16668
16670
16670
16670
16674
16675
16675
16676
16676
16677
16678
16681
16685
16686
16690
16691
16692
16693
16697
16700
16701
16704
16704
16706
16710
16710
16714
16714
16715
16715
16717
16719
16719
16721
16722
16723
16725
16726
16728
16728
16732
16732
16733
16733
16733
16734
16734
16735
16735
16738
16739
16739
16740
16741
16741
16742
16745
16745
16746
16751
16751
16751
16752
16755
16755
16757
16759
16766
16770
16771
16773
16777
16781
16782
16783
16784
16786
16789
16791
16794
16796
16797
16798
16799
16800
16800
16800
16801
16801
16803
16805
16809
16811
16814
16817
16819
16819
16820
16821
16823
16823
16826
16826
16828
16832
16840
16840
16845
16845
16846
16848
16850
16851
16851
16856
16859
16860
16862
16864
16868
16873
16874
16874
16876
16880
16881
16881
16884
16884
16886
16888
16889
16891
16894
16898
16900
16902
16904
16907
16907
16908
16913
16915
16915
16918
16918
16919
16922
16922
16923
16924
16925
16928
16928
16931
16931
16934
16938
16939
16940
16948
16952
16953
16953
16953
16958
16959
16959
16962
16970
16970
16971
16971
16974
16975
16976
16978
16979
16981
16984
16986
16987
16988
16988
16989
16993
16994
16994
16996
16996
16996
16997
16999
17001
17003
17004
17005
17005
17007
17008
17009
17010
17011
17016
17017
17021
17021
17025
17030
17031
17033
17038
17045
17046
17050
17053
17053
17055
17057
17059
17061
17063
17064
17064
17065
17067
17072
17073
17074
17075
17077
17082
17083
17086
17087
17088
17091
17095
17095
17097
17097
17100
17100
17101
17104
17107
17107
17111
17112
17112
17114
17117
17117
17117
17121
17125
17129
17129
17130
17132
17133
17135
17139
17142
17146
17147
17153
17154
17159
17160
17162
17163
17165
17168
17169
17170
17172
17175
17177
17182
17189
17193
17193
17195
17203
17204
17204
17206
17210
17212
17215
17216
17226
17230
17232
17237
17238
17238
17238
17239
17241
17246
17247
17248
17251
17251
17252
17255
17258
17259
17260
17263
17276
17278
17279
17282
17286
17287
17292
17293
17294
17299
17299
17300
17301
17301
17307
17317
17317
17320
17323
17324
17324
17327
17333
17342
17343
17346
17346
17349
17349
17350
17350
17353
17353
17354
17354
17362
17363
17364
17368
17370
17371
17372
17375
17376
17377
17379
17379
17380
17381
17381
17381
17382
17387
17388
17388
17389
17390
17390
17392
17397
17400
17401
17402
17408
17409
17412
17413
17417
17418
17420
17425
17426
17428
17433
17434
17435
17440
17444
17444
17445
17450
17450
17451
17452
17456
17464
17465
17466
17466
17467
17469
17470
17475
17475
17475
17478
17478
17480
17485
17486
17486
17489
17490
17491
17491
17492
17495
17496
17497
17500
17504
17510
17512
17514
17515
17516
17516
17516
17520
17522
17522
17525
17526
17527
17527
17527
17528
17537
17537
17539
17540
17542
17544
17548
17548
17550
17551
17554
17558
17559
17560
17563
17563
17565
17569
17569
17570
17571
17572
17576
17578
17583
17584
17585
17587
17589
17590
17594
17599
17599
17600
17600
17601
17601
17602
17603
17603
17610
17614
17615
17618
17619
17621
17622
17628
17633
17633
17635
17639
17640
17642
17643
17645
17646
17650
17652
17653
17654
17662
17662
17664
17664
17664
17665
17667
17667
17670
17674
17675
17676
17677
17677
17677
17682
17685
17685
17685
17690
17692
17694
17698
17698
17700
17700
17701
17705
17706
17706
17713
17715
17716
17720
17721
17723
17728
17730
17734
17734
17734
17736
17738
17739
17739
17742
17742
17747
17748
17749
17757
17760
17763
17770
17772
17773
17773
17774
17776
17783
17783
17784
17784
17786
17787
17788
17790
17792
17792
17794
17800
17805
17806
17811
17813
17816
17817
17817
17819
17822
17822
17822
17824
17828
17829
17830
17838
17840
17846
17855
17855
17856
17857
17858
17858
17859
17870
17874
17883
17884
17894
17894
17894
17894
17897
17899
17899
17899
17902
17902
17906
17907
17907
17908
17916
17920
17924
17925
17926
17928
17928
17935
17935
17936
17936
17937
17940
17941
17943
17945
17946
17948
17950
17954
17956
17956
17957
17957
17960
17960
17961
17963
17964
17966
17966
17968
17971
17972
17973
17974
17974
17977
17979
17981
17983
17987
17988
17988
17990
17992
17994
17995
17996
17998
17999
18001
18002
18002
18005
18007
18009
18010
18015
18017
18018
18024
18025
18027
18027
18029
18033
18035
18037
18039
18039
18048
18048
18052
18056
18058
18060
18061
18062
18064
18064
18072
18073
18073
18075
18076
18083
18084
18087
18087
18087
18087
18089
18090
18091
18093
18093
18096
18102
18107
18108
18108
18109
18109
18110
18111
18112
18112
18113
18115
18116
18116
18117
18117
18117
18124
18134
18135
18135
18137
18138
18139
18139
18141
18143
18145
18146
18146
18149
18151
18152
18153
18154
18154
18159
18159
18169
18169
18169
18176
18178
18178
18180
18185
18189
18190
18194
18198
18199
18202
18205
18206
18211
18211
18213
18213
18214
18215
18215
18215
18216
18216
18217
18221
18223
18224
18225
18227
18229
18232
18233
18234
18234
18235
18238
18239
18240
18248
18249
18253
18253
18255
18257
18258
18260
18262
18265
18266
18267
18268
18269
18270
18272
18272
18280
18280
18280
18282
18284
18285
18285
18286
18289
18290
18290
18291
18292
18294
18301
18302
18302
18304
18305
18306
18309
18310
18314
18315
18316
18319
18321
18322
18323
18323
18324
18332
18337
18345
18347
18350
18356
18357
18358
18359
18362
18362
18364
18365
18365
18368
18373
18373
18379
18381
18383
18392
18392
18396
18396
18398
18399
18400
18401
18402
18403
18404
18406
18409
18410
18414
18415
18416
18416
18417
18421
18423
18425
18435
18436
18437
18437
18438
18438
18440
18442
18444
18444
18444
18446
18446
18447
18447
18449
18451
18453
18455
18456
18458
18461
18466
18467
18468
18474
18476
18477
18481
18482
18484
18485
18490
18490
18491
18495
18498
18498
18500
18500
18502
18503
18503
18505
18505
18506
18509
18510
18510
18512
18513
18513
18513
18516
18517
18519
18520
18527
18527
18527
18528
18529
18530
18531
18531
18537
18538
18539
18544
18544
18547
18547
18552
18552
18557
18558
18562
18564
18567
18569
18570
18572
18574
18575
18576
18576
18577
18577
18577
18579
18582
18582
18587
18587
18588
18588
18589
18590
18593
18594
18596
18597
18598
18599
18599
18601
18601
18602
18604
18609
18609
18612
18614
18616
18618
18621
18621
18623
18625
18626
18627
18627
18628
18628
18631
18636
18645
18647
18648
18649
18649
18650
18655
18655
18661
18661
18668
18671
18672
18672
18674
18676
18677
18678
18681
18683
18684
18687
18687
18688
18688
18688
18689
18689
18693
18697
18697
18702
18702
18707
18709
18712
18712
18714
18715
18715
18717
18717
18719
18720
18731
18731
18732
18732
18733
18733
18734
18735
18739
18739
18740
18740
18743
18744
18745
18745
18755
18756
18758
18760
18766
18767
18773
18773
18774
18775
18776
18778
18778
18781
18786
18786
18787
18787
18788
18790
18795
18798
18798
18799
18804
18805
18805
18810
18811
18812
18813
18813
18814
18814
18815
18817
18820
18821
18824
18824
18827
18829
18830
18832
18833
18834
18834
18837
18840
18841
18843
18843
18844
18844
18846
18846
18849
18852
18858
18858
18858
18858
18859
18860
18860
18861
18861
18864
18865
18867
18868
18869
18869
18869
18871
18871
18871
18872
18873
18874
18874
18875
18877
18878
18880
18887
18887
18888
18889
18890
18891
18892
18894
18898
18900
18904
18907
18910
18912
18915
18917
18921
18924
18924
18925
18925
18928
18929
18933
18934
18936
18942
18944
18945
18948
18951
18951
18956
18960
18960
18961
18963
18965
18966
18966
18966
18970
18972
18973
18974
18980
18981
18981
18981
18991
18992
18995
18995
18995
19001
19002
19007
19010
19013
19015
19018
19019
19019
19021
19023
19024
19024
19029
19029
19032
19036
19038
19040
19041
19042
19046
19046
19047
19047
19047
19053
19053
19065
19071
19077
19079
19080
19081
19081
19082
19082
19085
19086
19091
19091
19093
19094
19096
19098
19104
19104
19107
19108
19108
19112
19112
19116
19124
19130
19130
19132
19138
19139
19140
19142
19144
19145
19148
19150
19154
19154
19157
19157
19157
19158
19158
19158
19160
19160
19162
19163
19163
19164
19165
19170
19171
19172
19172
19172
19182
19190
19195
19197
19201
19204
19206
19207
19208
19210
19210
19210
19211
19214
19214
19215
19215
19216
19217
19218
19219
19219
19221
19224
19225
19226
19227
19228
19231
19240
19241
19244
19244
19245
19248
19258
19265
19266
19269
19270
19270
19270
19270
19275
19276
19278
19279
19281
19281
19282
19283
19287
19287
19288
19291
19292
19293
19294
19296
19296
19298
19298
19298
19300
19301
19301
19303
19303
19304
19308
19308
19310
19311
19314
19318
19322
19324
19326
19326
19327
19327
19327
19328
19332
19338
19339
19347
19352
19357
19358
19359
19361
19366
19367
19371
19373
19381
19381
19386
19387
19387
19390
19392
19393
19394
19403
19404
19405
19407
19412
19413
19415
19417
19420
19421
19423
19423
19424
19424
19425
19427
19436
19437
19439
19442
19444
19444
19445
19448
19450
19452
19453
19455
19455
19458
19459
19468
19473
19477
19477
19478
19481
19482
19482
19482
19493
19493
19498
19501
19503
19505
19508
19510
19513
19514
19517
19517
19517
19522
19522
19523
19523
19524
19527
19527
19532
19532
19532
19535
19535
19538
19541
19544
19545
19546
19549
19549
19551
19555
19559
19559
19561
19563
19565
19574
19575
19577
19580
19583
19586
19586
19588
19589
19589
19592
19594
19595
19600
19603
19603
19605
19608
19614
19615
19615
19615
19620
19623
19624
19626
19626
19627
19628
19630
19633
19634
19635
19636
19643
19644
19646
19647
19648
19649
19650
19651
19657
19664
19667
19669
19672
19675
19680
19683
19684
19684
19689
19690
19692
19694
19695
19696
19699
19700
19702
19702
19704
19708
19713
19714
19715
19717
19722
19725
19726
19728
19728
19729
19732
19735
19737
19737
19740
19742
19742
19743
19743
19744
19746
19747
19748
19748
19752
19752
19758
19758
19759
19761
19763
19765
19771
19773
19775
19775
19778
19779
19779
19780
19780
19783
19785
19786
19790
19791
19794
19795
19797
19797
19799
19802
19802
19803
19809
19810
19811
19812
19812
19812
19813
19818
19818
19819
19819
19819
19819
19821
19822
19822
19828
19830
19830
19832
19832
19833
19836
19838
19838
19840
19840
19840
19845
19850
19853
19857
19858
19863
19865
19865
19866
19872
19875
19875
19880
19887
19891
19891
19892
19892
19892
19892
19892
19896
19896
19897
19898
19901
19903
19903
19907
19908
19909
19910
19911
19913
19913
19920
19922
19923
19923
19924
19927
19930
19930
19932
19933
19935
19938
19938
19940
19942
19944
19947
19948
19949
19950
19955
19957
19960
19963
19965
19970
19971
19972
19972
19973
19974
19975
19976
19976
19980
19980
19982
19983
19989
19990
19990
19990
19991
19991
19993
count: 391252
Total Time: 62ms
